1.000000000000000000e+00 8.499593303359298524e-01 7.561633009079707923e-01 7.416757854615382284e-01 8.245722940959583358e-01 7.752027775472420945e-01 7.348252191767195018e-01 5.785024190331704563e-01 5.903251456634128758e-01 5.555289760588943970e-01 4.003041112358208808e-01 6.820106904000838854e-01 4.148786490789010961e-01 6.956255048037398581e-01 6.802722999579484675e-01 4.438469084201714931e-01 5.211247288830804791e-01
8.499593303359298524e-01 1.000000000000000000e+00 7.283012442211250770e-01 7.757814311111675964e-01 7.982931824697425682e-01 7.360700781976742268e-01 8.147677764993563887e-01 7.181697654764617189e-01 5.981424628072310457e-01 5.888863943718697369e-01 5.874062611696052594e-01 6.983425851580981059e-01 5.150419564224362201e-01 7.241077494506102941e-01 7.319494848493213190e-01 5.459644833500930661e-01 6.101257477167040255e-01
7.561633009079707923e-01 7.283012442211250770e-01 1.000000000000000000e+00 7.902055836177850345e-01 7.975999152363033584e-01 8.743529896335403562e-01 7.387343705071949262e-01 5.417813076029668329e-01 6.423095894648778170e-01 5.585094578999406645e-01 3.888089481474124587e-01 7.112395401692054309e-01 4.815005497772970045e-01 6.829360554454441123e-01 6.636349802732103287e-01 4.501023126320320422e-01 4.940999229675698268e-01
7.416757854615382284e-01 7.757814311111675964e-01 7.902055836177850345e-01 1.000000000000000000e+00 7.403254143558064548e-01 7.559515632016778897e-01 8.987095927943820062e-01 6.854741966788929775e-01 6.058767718970007321e-01 6.182300986055612180e-01 3.995949119688936846e-01 7.197562473014632589e-01 5.564118187795117354e-01 7.777222189537343899e-01 6.340756188202735233e-01 4.630110376803510674e-01 5.815591309110855756e-01
8.245722940959583358e-01 7.982931824697425682e-01 7.975999152363033584e-01 7.403254143558064548e-01 1.000000000000000000e+00 8.952879634092860694e-01 7.122701578231386277e-01 5.665662539531310937e-01 6.770379619292414830e-01 6.078766933338246581e-01 6.024788313463135259e-01 8.058132339683498069e-01 5.319726000846793923e-01 7.885158222052960353e-01 7.766938877812165076e-01 5.725214523004490408e-01 6.094475488418136244e-01
7.752027775472420945e-01 7.360700781976742268e-01 8.743529896335403562e-01 7.559515632016778897e-01 8.952879634092860694e-01 1.000000000000000000e+00 7.054800030116405996e-01 5.118332771253850666e-01 6.600801855932099116e-01 5.465809781327406469e-01 4.455982923164265586e-01 7.961748152180828653e-01 4.661897522508366420e-01 7.244756920840910164e-01 6.883754455846181619e-01 4.842502664881812025e-01 5.534454384862690368e-01
7.348252191767195018e-01 8.147677764993563887e-01 7.387343705071949262e-01 8.987095927943820062e-01 7.122701578231386277e-01 7.054800030116405996e-01 1.000000000000000000e+00 8.213193829545030189e-01 5.613208940360355781e-01 5.638668269506241781e-01 4.482161228822806320e-01 7.112557801201111474e-01 5.817869455542802326e-01 7.052871624832124375e-01 6.059833095395527058e-01 4.683566268797785814e-01 5.738032145620727276e-01
5.785024190331704563e-01 7.181697654764617189e-01 5.417813076029668329e-01 6.854741966788929775e-01 5.665662539531310937e-01 5.118332771253850666e-01 8.213193829545030189e-01 1.000000000000000000e+00 4.340484111653569732e-01 5.175246565992758230e-01 5.631490305107690331e-01 6.582213824725320350e-01 7.397981407938919451e-01 5.677621833124176787e-01 4.627034067343656076e-01 5.460046783153542638e-01 5.864234557712443285e-01
5.903251456634128758e-01 5.981424628072310457e-01 6.423095894648778170e-01 6.058767718970007321e-01 6.770379619292414830e-01 6.600801855932099116e-01 5.613208940360355781e-01 4.340484111653569732e-01 1.000000000000000000e+00 4.980778921010486915e-01 3.917814654433867672e-01 5.994443485039973041e-01 3.909599208513616087e-01 6.185573507175005092e-01 5.862108059900014156e-01 4.396755871842953356e-01 5.672465911981460218e-01
5.555289760588943970e-01 5.888863943718697369e-01 5.585094578999406645e-01 6.182300986055612180e-01 6.078766933338246581e-01 5.465809781327406469e-01 5.638668269506241781e-01 5.175246565992758230e-01 4.980778921010486915e-01 1.000000000000000000e+00 5.734218766668199851e-01 5.895469046683097236e-01 6.373147845758059260e-01 6.387372344753684539e-01 5.832954177265450291e-01 6.778281989173745581e-01 6.873056648096993460e-01
4.003041112358208808e-01 5.874062611696052594e-01 3.888089481474124587e-01 3.995949119688936846e-01 6.024788313463135259e-01 4.455982923164265586e-01 4.482161228822806320e-01 5.631490305107690331e-01 3.917814654433867672e-01 5.734218766668199851e-01 1.000000000000000000e+00 5.015323727156463240e-01 6.138500008728261514e-01 6.040712978981814807e-01 6.430289608338440877e-01 8.344050668059856957e-01 6.249904664357408546e-01
6.820106904000838854e-01 6.983425851580981059e-01 7.112395401692054309e-01 7.197562473014632589e-01 8.058132339683498069e-01 7.961748152180828653e-01 7.112557801201111474e-01 6.582213824725320350e-01 5.994443485039973041e-01 5.895469046683097236e-01 5.015323727156463240e-01 1.000000000000000000e+00 6.809110044991212307e-01 6.706604550104480200e-01 6.116857302934922691e-01 5.509842213677704770e-01 6.343468947776553790e-01
4.148786490789010961e-01 5.150419564224362201e-01 4.815005497772970045e-01 5.564118187795117354e-01 5.319726000846793923e-01 4.661897522508366420e-01 5.817869455542802326e-01 7.397981407938919451e-01 3.909599208513616087e-01 6.373147845758059260e-01 6.138500008728261514e-01 6.809110044991212307e-01 1.000000000000000000e+00 6.154411517124264153e-01 4.398376830011895833e-01 7.042327013670364178e-01 7.400807750626219317e-01
6.956255048037398581e-01 7.241077494506102941e-01 6.829360554454441123e-01 7.777222189537343899e-01 7.885158222052960353e-01 7.244756920840910164e-01 7.052871624832124375e-01 5.677621833124176787e-01 6.185573507175005092e-01 6.387372344753684539e-01 6.040712978981814807e-01 6.706604550104480200e-01 6.154411517124264153e-01 1.000000000000000000e+00 7.502572895515914331e-01 6.604910532593397665e-01 7.428872365718171000e-01
6.802722999579484675e-01 7.319494848493213190e-01 6.636349802732103287e-01 6.340756188202735233e-01 7.766938877812165076e-01 6.883754455846181619e-01 6.059833095395527058e-01 4.627034067343656076e-01 5.862108059900014156e-01 5.832954177265450291e-01 6.430289608338440877e-01 6.116857302934922691e-01 4.398376830011895833e-01 7.502572895515914331e-01 1.000000000000000000e+00 6.959528249054487414e-01 5.762851746183055290e-01
4.438469084201714931e-01 5.459644833500930661e-01 4.501023126320320422e-01 4.630110376803510674e-01 5.725214523004490408e-01 4.842502664881812025e-01 4.683566268797785814e-01 5.460046783153542638e-01 4.396755871842953356e-01 6.778281989173745581e-01 8.344050668059856957e-01 5.509842213677704770e-01 7.042327013670364178e-01 6.604910532593397665e-01 6.959528249054487414e-01 1.000000000000000000e+00 8.125669746652267600e-01
5.211247288830804791e-01 6.101257477167040255e-01 4.940999229675698268e-01 5.815591309110855756e-01 6.094475488418136244e-01 5.534454384862690368e-01 5.738032145620727276e-01 5.864234557712443285e-01 5.672465911981460218e-01 6.873056648096993460e-01 6.249904664357408546e-01 6.343468947776553790e-01 7.400807750626219317e-01 7.428872365718171000e-01 5.762851746183055290e-01 8.125669746652267600e-01 1.000000000000000000e+00
