1.000000000000000000e+00 7.742883025089493110e-01 3.951881794781068602e-01 5.229198372106496073e-01 6.652797692240087768e-01 4.756240732777197722e-01 3.816659541083183282e-01 3.671520678602279153e-01 3.006086645820237324e-01 2.878898840345496812e-01 4.484076165220947097e-01 1.827424604348715786e-01 2.435962923136041902e-01 6.024154321196250050e-01 3.778651209616025741e-01 3.628851071027679454e-01 4.065028605704271158e-01
7.742883025089493110e-01 1.000000000000000000e+00 4.789466241499875654e-01 5.331866259111919248e-01 5.535137380442811672e-01 3.852071657013033112e-01 2.347416469022870766e-01 2.096484669031618009e-01 1.562120281420926182e-01 2.633624717214033684e-01 4.854854420462961229e-01 6.690985907676431921e-02 1.439088216818240340e-01 5.971532168208008029e-01 4.229891585371085561e-01 3.161289994762104261e-01 2.835462224418963673e-01
3.951881794781068602e-01 4.789466241499875654e-01 1.000000000000000000e+00 4.974034865403172412e-01 3.008805795647789827e-01 5.538965064871738120e-01 2.571743354119065961e-01 -7.754818417249673135e-02 -1.177351207565598828e-02 1.233332331980800112e-01 2.247041973061005282e-01 -1.060671796180372300e-01 -5.453615794142051970e-02 4.320275050555722474e-01 1.489542371985038693e-01 3.088062928404724725e-02 7.074865178261274812e-02
5.229198372106496073e-01 5.331866259111919248e-01 4.974034865403172412e-01 1.000000000000000000e+00 2.107503976630845655e-01 2.996414978461563461e-01 5.878695559630021661e-01 2.348632840309697878e-01 2.456873898909346654e-01 2.379244137840558770e-01 3.010893936465218745e-01 -6.701708224470871722e-02 4.514051799881775573e-02 7.034975583148110889e-01 2.301813855051147995e-01 1.871542416535633135e-01 2.200228883366924515e-01
6.652797692240087768e-01 5.535137380442811672e-01 3.008805795647789827e-01 2.107503976630845655e-01 1.000000000000000000e+00 6.491539450686192314e-01 2.067631391976132715e-01 3.561903471372831476e-01 2.281813867110727423e-01 2.510968818454500928e-01 6.567017771214673783e-01 5.567714014067153272e-01 4.786221352214116709e-01 3.861776181492139748e-01 5.618119868959754459e-01 4.873292511051663389e-01 4.080768994067785482e-01
4.756240732777197722e-01 3.852071657013033112e-01 5.538965064871738120e-01 2.996414978461563461e-01 6.491539450686192314e-01 1.000000000000000000e+00 4.840594126772888028e-01 3.280734875613240953e-01 5.530158902527649439e-02 2.129078781879331639e-01 4.378358257541684062e-01 3.681737799947435996e-01 2.911090092138762242e-01 3.308398686102517749e-01 2.928082895811780495e-01 2.266536779813920488e-01 1.779457960756119228e-01
3.816659541083183282e-01 2.347416469022870766e-01 2.571743354119065961e-01 5.878695559630021661e-01 2.067631391976132715e-01 4.840594126772888028e-01 1.000000000000000000e+00 5.568702142715280523e-01 2.525475533491768898e-01 1.667631981574601852e-01 2.324254654426660960e-01 7.088656714069097031e-02 1.023679609505097066e-01 4.794511024796245802e-01 1.120601279950220464e-01 9.102735599196992711e-02 1.080418285838542908e-01
3.671520678602279153e-01 2.096484669031618009e-01 -7.754818417249673135e-02 2.348632840309697878e-01 3.561903471372831476e-01 3.280734875613240953e-01 5.568702142715280523e-01 1.000000000000000000e+00 1.161768354154753546e-01 2.691984027858838613e-01 3.681226813622827110e-01 4.350706177808463804e-01 5.676600764564644352e-01 2.569566816675187271e-01 1.011507383855125564e-01 4.807554036649241413e-01 4.289069572138853870e-01
3.006086645820237324e-01 1.562120281420926182e-01 -1.177351207565598828e-02 2.456873898909346654e-01 2.281813867110727423e-01 5.530158902527649439e-02 2.525475533491768898e-01 1.161768354154753546e-01 1.000000000000000000e+00 2.319720581829821382e-01 1.640324345198546918e-01 -1.512160608978307258e-02 -4.084125103361564701e-02 3.612308094970254624e-01 3.661115846687170161e-01 7.432914782707923662e-02 2.944792855145799138e-01
2.878898840345496812e-01 2.633624717214033684e-01 1.233332331980800112e-01 2.379244137840558770e-01 2.510968818454500928e-01 2.129078781879331639e-01 1.667631981574601852e-01 2.691984027858838613e-01 2.319720581829821382e-01 1.000000000000000000e+00 3.762877893472938440e-01 2.316511004484283764e-01 3.499258155787288715e-01 2.267935835457678129e-01 2.800633594093103196e-01 4.097293206401643739e-01 3.791818942772022805e-01
4.484076165220947097e-01 4.854854420462961229e-01 2.247041973061005282e-01 3.010893936465218745e-01 6.567017771214673783e-01 4.378358257541684062e-01 2.324254654426660960e-01 3.681226813622827110e-01 1.640324345198546918e-01 3.762877893472938440e-01 1.000000000000000000e+00 4.639851393041091177e-01 6.552426048734369957e-01 3.580269272294306360e-01 6.559866489026122682e-01 7.058481470902220334e-01 4.271385496994363207e-01
1.827424604348715786e-01 6.690985907676431921e-02 -1.060671796180372300e-01 -6.701708224470871722e-02 5.567714014067153272e-01 3.681737799947435996e-01 7.088656714069097031e-02 4.350706177808463804e-01 -1.512160608978307258e-02 2.316511004484283764e-01 4.639851393041091177e-01 1.000000000000000000e+00 7.615976754010590488e-01 -3.071886029068766899e-02 3.319617368701340832e-01 4.250743899999686604e-01 3.132469678390168433e-01
2.435962923136041902e-01 1.439088216818240340e-01 -5.453615794142051970e-02 4.514051799881775573e-02 4.786221352214116709e-01 2.911090092138762242e-01 1.023679609505097066e-01 5.676600764564644352e-01 -4.084125103361564701e-02 3.499258155787288715e-01 6.552426048734369957e-01 7.615976754010590488e-01 1.000000000000000000e+00 6.291177569084673016e-02 3.246188700102593527e-01 6.736656053606154826e-01 4.860996220306361693e-01
6.024154321196250050e-01 5.971532168208008029e-01 4.320275050555722474e-01 7.034975583148110889e-01 3.861776181492139748e-01 3.308398686102517749e-01 4.794511024796245802e-01 2.569566816675187271e-01 3.612308094970254624e-01 2.267935835457678129e-01 3.580269272294306360e-01 -3.071886029068766899e-02 6.291177569084673016e-02 1.000000000000000000e+00 3.437331564924436811e-01 2.581871230695706454e-01 4.664230912737468149e-01
3.778651209616025741e-01 4.229891585371085561e-01 1.489542371985038693e-01 2.301813855051147995e-01 5.618119868959754459e-01 2.928082895811780495e-01 1.120601279950220464e-01 1.011507383855125564e-01 3.661115846687170161e-01 2.800633594093103196e-01 6.559866489026122682e-01 3.319617368701340832e-01 3.246188700102593527e-01 3.437331564924436811e-01 1.000000000000000000e+00 5.625344950386400589e-01 3.822040445827467048e-01
3.628851071027679454e-01 3.161289994762104261e-01 3.088062928404724725e-02 1.871542416535633135e-01 4.873292511051663389e-01 2.266536779813920488e-01 9.102735599196992711e-02 4.807554036649241413e-01 7.432914782707923662e-02 4.097293206401643739e-01 7.058481470902220334e-01 4.250743899999686604e-01 6.736656053606154826e-01 2.581871230695706454e-01 5.625344950386400589e-01 1.000000000000000000e+00 6.673526587598658244e-01
4.065028605704271158e-01 2.835462224418963673e-01 7.074865178261274812e-02 2.200228883366924515e-01 4.080768994067785482e-01 1.779457960756119228e-01 1.080418285838542908e-01 4.289069572138853870e-01 2.944792855145799138e-01 3.791818942772022805e-01 4.271385496994363207e-01 3.132469678390168433e-01 4.860996220306361693e-01 4.664230912737468149e-01 3.822040445827467048e-01 6.673526587598658244e-01 1.000000000000000000e+00
