1.000000000000000000e+00 7.356458868157162989e-01 2.083454050843808747e-01 4.927813692747260443e-01 4.427396803451454921e-01 2.764487219028572418e-01 2.363767525876669384e-01 2.830644792838156731e-01 3.238198294037065161e-01 4.326370778167212827e-01 2.711203611537727487e-01 1.456310168791683790e-01 2.140061329982423377e-01 2.659349289656983140e-01 2.755334737453040694e-01 4.045818374464238421e-01 3.644577531024658090e-01
7.356458868157162989e-01 1.000000000000000000e+00 7.942161481036794091e-02 4.736117778598916694e-01 3.530479810841994359e-01 1.366316493721877467e-01 2.437795452891059200e-01 3.537476205057779599e-01 2.112609404685306391e-01 3.494393216920898548e-01 4.237363217084234024e-01 8.219850357998970125e-02 2.425188057925380392e-01 4.106312642479467145e-01 4.868318047378774605e-01 4.404279766488846115e-01 4.219319631933754478e-01
2.083454050843808747e-01 7.942161481036794091e-02 1.000000000000000000e+00 3.424221447990285494e-01 4.191964421688040288e-01 6.040999942380372856e-01 4.255087713084607093e-01 6.534556400967962697e-02 4.409406005576247956e-01 3.357162338898333487e-01 -7.371948179908170695e-02 3.217921979846602998e-01 9.167750167030613850e-02 1.342014347578676658e-01 4.652847286617377981e-02 1.744554529022789291e-01 1.161158996708051283e-01
4.927813692747260443e-01 4.736117778598916694e-01 3.424221447990285494e-01 1.000000000000000000e+00 3.915651375807807089e-01 2.907790043603649677e-01 5.617903317255059648e-01 2.152636506846086206e-01 3.160960408311585534e-01 4.766633922419554747e-01 1.307147386106677911e-01 2.463177355309208449e-01 2.887934836329902541e-02 4.855767481283191911e-01 2.547965806601387162e-01 3.772214537710381066e-01 3.637974597410302824e-01
4.427396803451454921e-01 3.530479810841994359e-01 4.191964421688040288e-01 3.915651375807807089e-01 1.000000000000000000e+00 7.278027740882889729e-01 5.543374356635818456e-01 2.355906493748340658e-01 2.784879710479645776e-01 3.677270988800661611e-01 2.196136880319544127e-01 6.422547753681887572e-01 2.152006839102587055e-01 2.423801701299360400e-01 2.990677552527549743e-01 9.878987926372279071e-02 -4.224866007338129209e-04
2.764487219028572418e-01 1.366316493721877467e-01 6.040999942380372856e-01 2.907790043603649677e-01 7.278027740882889729e-01 1.000000000000000000e+00 5.473425536594815899e-01 2.371104973269424765e-01 2.235580013636822849e-01 1.742213726891027048e-01 9.616047143625658378e-02 4.584218681855337651e-01 2.544592088427385934e-01 1.291853206627511241e-01 3.549991885616375631e-02 3.327219892985723571e-02 3.961227189217701727e-02
2.363767525876669384e-01 2.437795452891059200e-01 4.255087713084607093e-01 5.617903317255059648e-01 5.543374356635818456e-01 5.473425536594815899e-01 1.000000000000000000e+00 4.400439976663670927e-01 2.498172974120755618e-01 2.816054416890634848e-01 1.391695793132874948e-01 4.228453764686328498e-01 2.126029041478225967e-01 3.136265166168744067e-01 1.840999929141399205e-01 8.875573704190978241e-02 9.178793256151400459e-02
2.830644792838156731e-01 3.537476205057779599e-01 6.534556400967962697e-02 2.152636506846086206e-01 2.355906493748340658e-01 2.371104973269424765e-01 4.400439976663670927e-01 1.000000000000000000e+00 4.501941321461152418e-02 1.695240843767930328e-01 4.734829565497203907e-01 3.496032849880416071e-01 7.762431945120487065e-01 3.501132214316625135e-01 1.900117920164265672e-01 4.684340492568910275e-01 5.325015411071254423e-01
3.238198294037065161e-01 2.112609404685306391e-01 4.409406005576247956e-01 3.160960408311585534e-01 2.784879710479645776e-01 2.235580013636822849e-01 2.498172974120755618e-01 4.501941321461152418e-02 1.000000000000000000e+00 4.191032994970232961e-01 -7.555846841347084453e-02 1.711739673636027415e-01 7.813838192030869712e-02 1.533455909132735162e-01 1.425222697462697197e-01 2.234579334450538246e-01 1.526418175858940407e-01
4.326370778167212827e-01 3.494393216920898548e-01 3.357162338898333487e-01 4.766633922419554747e-01 3.677270988800661611e-01 1.742213726891027048e-01 2.816054416890634848e-01 1.695240843767930328e-01 4.191032994970232961e-01 1.000000000000000000e+00 9.603052987686014341e-02 3.258929771984939161e-01 1.223255839070281209e-01 3.377832894181605483e-01 2.730806566877648223e-01 4.643413795082630413e-01 3.654615695140690512e-01
2.711203611537727487e-01 4.237363217084234024e-01 -7.371948179908170695e-02 1.307147386106677911e-01 2.196136880319544127e-01 9.616047143625658378e-02 1.391695793132874948e-01 4.734829565497203907e-01 -7.555846841347084453e-02 9.603052987686014341e-02 1.000000000000000000e+00 1.665378484479432264e-01 4.275733926322821676e-01 3.063471906970389180e-01 4.003562107442773521e-01 5.485078919746819714e-01 4.019400251777092703e-01
1.456310168791683790e-01 8.219850357998970125e-02 3.217921979846602998e-01 2.463177355309208449e-01 6.422547753681887572e-01 4.584218681855337651e-01 4.228453764686328498e-01 3.496032849880416071e-01 1.711739673636027415e-01 3.258929771984939161e-01 1.665378484479432264e-01 1.000000000000000000e+00 3.743159362136286861e-01 1.805696983380183918e-01 2.274897018616809652e-01 1.214226513823586928e-01 -3.644685073528643182e-02
2.140061329982423377e-01 2.425188057925380392e-01 9.167750167030613850e-02 2.887934836329902541e-02 2.152006839102587055e-01 2.544592088427385934e-01 2.126029041478225967e-01 7.762431945120487065e-01 7.813838192030869712e-02 1.223255839070281209e-01 4.275733926322821676e-01 3.743159362136286861e-01 1.000000000000000000e+00 1.688297284777287577e-01 1.344596673222179517e-01 4.215118789225709706e-01 4.383448997226503385e-01
2.659349289656983140e-01 4.106312642479467145e-01 1.342014347578676658e-01 4.855767481283191911e-01 2.423801701299360400e-01 1.291853206627511241e-01 3.136265166168744067e-01 3.501132214316625135e-01 1.533455909132735162e-01 3.377832894181605483e-01 3.063471906970389180e-01 1.805696983380183918e-01 1.688297284777287577e-01 1.000000000000000000e+00 3.033629506999483971e-01 4.314724602070067472e-01 6.036709555824470996e-01
2.755334737453040694e-01 4.868318047378774605e-01 4.652847286617377981e-02 2.547965806601387162e-01 2.990677552527549743e-01 3.549991885616375631e-02 1.840999929141399205e-01 1.900117920164265672e-01 1.425222697462697197e-01 2.730806566877648223e-01 4.003562107442773521e-01 2.274897018616809652e-01 1.344596673222179517e-01 3.033629506999483971e-01 1.000000000000000000e+00 4.506238079706118560e-01 1.949812606193619957e-01
4.045818374464238421e-01 4.404279766488846115e-01 1.744554529022789291e-01 3.772214537710381066e-01 9.878987926372279071e-02 3.327219892985723571e-02 8.875573704190978241e-02 4.684340492568910275e-01 2.234579334450538246e-01 4.643413795082630413e-01 5.485078919746819714e-01 1.214226513823586928e-01 4.215118789225709706e-01 4.314724602070067472e-01 4.506238079706118560e-01 1.000000000000000000e+00 7.233536177075479134e-01
3.644577531024658090e-01 4.219319631933754478e-01 1.161158996708051283e-01 3.637974597410302824e-01 -4.224866007338129209e-04 3.961227189217701727e-02 9.178793256151400459e-02 5.325015411071254423e-01 1.526418175858940407e-01 3.654615695140690512e-01 4.019400251777092703e-01 -3.644685073528643182e-02 4.383448997226503385e-01 6.036709555824470996e-01 1.949812606193619957e-01 7.233536177075479134e-01 1.000000000000000000e+00
