1.000000000000000000e+00 8.642883461791047717e-01 4.845901911825836184e-01 5.200502798489464729e-01 7.958508242918861386e-01 5.977565681441595613e-01 5.534321455909041454e-01 5.417622729717980201e-01 3.973045834773876184e-01 4.552050593007569979e-01 6.039589987203480836e-01 6.036130734388281960e-01 4.889560338879615498e-01 6.936943143269768131e-01 6.678449779529118668e-01 4.619568310906694841e-01 4.377731976742952891e-01
8.642883461791047717e-01 1.000000000000000000e+00 3.966967479770653893e-01 4.903333664234210132e-01 8.301380311835148129e-01 5.493991065597300105e-01 4.935722417104599358e-01 5.544088049085551528e-01 3.384831839277810950e-01 4.154256462182748244e-01 6.038666331154332045e-01 6.610916799277091194e-01 4.812358368105056905e-01 6.618712826542794136e-01 6.805592069243484588e-01 4.399929835127127653e-01 3.903840290696596882e-01
4.845901911825836184e-01 3.966967479770653893e-01 1.000000000000000000e+00 5.666079164962906090e-01 5.866928450606131440e-01 7.630431102691873635e-01 6.819045274313743077e-01 4.636716265571015350e-01 5.426446229334938032e-01 5.471441649966209964e-01 5.559581164302941358e-01 5.590684956308507036e-01 5.494777623629798491e-01 6.101180748278010046e-01 6.008524844803726506e-01 5.940325167855083910e-01 5.715656426042182714e-01
5.200502798489464729e-01 4.903333664234210132e-01 5.666079164962906090e-01 1.000000000000000000e+00 5.407352434196452950e-01 6.029016532642497150e-01 8.251487217599188240e-01 6.503463802657484250e-01 3.884152934642206012e-01 5.201300354406079851e-01 4.162928738647619364e-01 6.041510578980625601e-01 5.340089252156864363e-01 7.629586000852022210e-01 5.520158214153303433e-01 4.770887362966398926e-01 4.893762291287030997e-01
7.958508242918861386e-01 8.301380311835148129e-01 5.866928450606131440e-01 5.407352434196452950e-01 1.000000000000000000e+00 7.780895941099114088e-01 5.246312222050952823e-01 6.107168044814449415e-01 4.999216192501002576e-01 5.889681592223517947e-01 7.763511225493165968e-01 8.704653354029666668e-01 7.110776195073748029e-01 7.514563725411730344e-01 7.910413725934093421e-01 6.367428979915790155e-01 5.754565384815975015e-01
5.977565681441595613e-01 5.493991065597300105e-01 7.630431102691873635e-01 6.029016532642497150e-01 7.780895941099114088e-01 1.000000000000000000e+00 6.925807038141311711e-01 6.391144139115283451e-01 5.503227330908824211e-01 5.859586987688041315e-01 6.749207263627068354e-01 7.802261910838028669e-01 6.598521358697205796e-01 7.145200828171688334e-01 6.772062156669722555e-01 6.433858159328396109e-01 6.328804355804783510e-01
5.534321455909041454e-01 4.935722417104599358e-01 6.819045274313743077e-01 8.251487217599188240e-01 5.246312222050952823e-01 6.925807038141311711e-01 1.000000000000000000e+00 7.009972667545769642e-01 3.917744991797585952e-01 4.431289161884257033e-01 3.603933569239772261e-01 5.494659074299964585e-01 4.110979480566685496e-01 6.694681699559010823e-01 4.816794825821875126e-01 3.634574611777375841e-01 3.975378875625451003e-01
5.417622729717980201e-01 5.544088049085551528e-01 4.636716265571015350e-01 6.503463802657484250e-01 6.107168044814449415e-01 6.391144139115283451e-01 7.009972667545769642e-01 1.000000000000000000e+00 3.623052989669499069e-01 5.533106319244237570e-01 5.045825876743328386e-01 7.641393294312998075e-01 7.006875387139803735e-01 6.969269830389713816e-01 4.422591555077355907e-01 4.674135282266558833e-01 5.460280674323652050e-01
3.973045834773876184e-01 3.384831839277810950e-01 5.426446229334938032e-01 3.884152934642206012e-01 4.999216192501002576e-01 5.503227330908824211e-01 3.917744991797585952e-01 3.623052989669499069e-01 1.000000000000000000e+00 6.676128557754386073e-01 5.064466811955614656e-01 4.392446198887626774e-01 5.644210998416865355e-01 6.048879144787822071e-01 6.132917376332236437e-01 6.016213762091602302e-01 7.017657770546683604e-01
4.552050593007569979e-01 4.154256462182748244e-01 5.471441649966209964e-01 5.201300354406079851e-01 5.889681592223517947e-01 5.859586987688041315e-01 4.431289161884257033e-01 5.533106319244237570e-01 6.676128557754386073e-01 1.000000000000000000e+00 6.666821500246746801e-01 6.078548297945155499e-01 7.870589558632189453e-01 7.577040342333462020e-01 6.907560782142724287e-01 8.077914137938774219e-01 8.207906355823529898e-01
6.039589987203480836e-01 6.038666331154332045e-01 5.559581164302941358e-01 4.162928738647619364e-01 7.763511225493165968e-01 6.749207263627068354e-01 3.603933569239772261e-01 5.045825876743328386e-01 5.064466811955614656e-01 6.666821500246746801e-01 1.000000000000000000e+00 7.242523073555421353e-01 8.017536749974305543e-01 7.318229440673970077e-01 7.412002919610763962e-01 8.210541809570672811e-01 7.274239594406024523e-01
6.036130734388281960e-01 6.610916799277091194e-01 5.590684956308507036e-01 6.041510578980625601e-01 8.704653354029666668e-01 7.802261910838028669e-01 5.494659074299964585e-01 7.641393294312998075e-01 4.392446198887626774e-01 6.078548297945155499e-01 7.242523073555421353e-01 1.000000000000000000e+00 8.294895464077808311e-01 7.443123708697469976e-01 6.766898095674084290e-01 6.440037667240006147e-01 6.212341790573167044e-01
4.889560338879615498e-01 4.812358368105056905e-01 5.494777623629798491e-01 5.340089252156864363e-01 7.110776195073748029e-01 6.598521358697205796e-01 4.110979480566685496e-01 7.006875387139803735e-01 5.644210998416865355e-01 7.870589558632189453e-01 8.017536749974305543e-01 8.294895464077808311e-01 1.000000000000000000e+00 7.694327882818954301e-01 6.695699633484524238e-01 8.206454754445573485e-01 8.287907183558241853e-01
6.936943143269768131e-01 6.618712826542794136e-01 6.101180748278010046e-01 7.629586000852022210e-01 7.514563725411730344e-01 7.145200828171688334e-01 6.694681699559010823e-01 6.969269830389713816e-01 6.048879144787822071e-01 7.577040342333462020e-01 7.318229440673970077e-01 7.443123708697469976e-01 7.694327882818954301e-01 1.000000000000000000e+00 8.034710761510461818e-01 7.786127605395856133e-01 7.978473757390236454e-01
6.678449779529118668e-01 6.805592069243484588e-01 6.008524844803726506e-01 5.520158214153303433e-01 7.910413725934093421e-01 6.772062156669722555e-01 4.816794825821875126e-01 4.422591555077355907e-01 6.132917376332236437e-01 6.907560782142724287e-01 7.412002919610763962e-01 6.766898095674084290e-01 6.695699633484524238e-01 8.034710761510461818e-01 1.000000000000000000e+00 8.184451624261686042e-01 7.517903733285058454e-01
4.619568310906694841e-01 4.399929835127127653e-01 5.940325167855083910e-01 4.770887362966398926e-01 6.367428979915790155e-01 6.433858159328396109e-01 3.634574611777375841e-01 4.674135282266558833e-01 6.016213762091602302e-01 8.077914137938774219e-01 8.210541809570672811e-01 6.440037667240006147e-01 8.206454754445573485e-01 7.786127605395856133e-01 8.184451624261686042e-01 1.000000000000000000e+00 9.045045440350042432e-01
4.377731976742952891e-01 3.903840290696596882e-01 5.715656426042182714e-01 4.893762291287030997e-01 5.754565384815975015e-01 6.328804355804783510e-01 3.975378875625451003e-01 5.460280674323652050e-01 7.017657770546683604e-01 8.207906355823529898e-01 7.274239594406024523e-01 6.212341790573167044e-01 8.287907183558241853e-01 7.978473757390236454e-01 7.517903733285058454e-01 9.045045440350042432e-01 1.000000000000000000e+00
