1.000000000000000000e+00 8.569203881553684177e-01 6.321745721000705531e-01 7.271409136093461845e-01 8.411023196446675287e-01 7.940572726000920678e-01 6.435095649906105164e-01 6.208232489477678584e-01 5.682873031153893306e-01 4.979940838184054863e-01 7.214328083425936011e-01 5.268073576397541702e-01 4.607204953782169099e-01 7.383460095847230731e-01 6.150335885948167158e-01 5.474844685085933360e-01 6.207170367490640883e-01
8.569203881553684177e-01 1.000000000000000000e+00 6.593771097831935268e-01 7.605096439844765133e-01 8.465402191298151413e-01 7.463364963606651248e-01 5.678062049543169953e-01 5.442686412224693182e-01 5.057495991389397982e-01 5.101710683119744516e-01 7.105214123164322881e-01 5.250888850661292739e-01 4.809184483991911785e-01 8.007288891478892001e-01 6.941401087679747173e-01 6.379344944292054675e-01 7.144787653232393954e-01
6.321745721000705531e-01 6.593771097831935268e-01 1.000000000000000000e+00 7.237269098489442776e-01 7.163490012307468513e-01 8.355689554658406459e-01 5.787674546595481528e-01 4.721669726447670912e-01 3.975596330966483793e-01 4.058635869715248590e-01 5.726259324356831604e-01 5.295186919348311427e-01 4.670570275238570268e-01 5.881617392350476647e-01 4.546963367817362656e-01 5.043205013089027133e-01 6.031847044277196535e-01
7.271409136093461845e-01 7.605096439844765133e-01 7.237269098489442776e-01 1.000000000000000000e+00 7.304027479088677222e-01 8.021876480615947047e-01 8.259314882837307525e-01 6.807561555150416499e-01 5.764031634658681735e-01 4.981167941974339319e-01 5.671282255046496967e-01 5.905206004208802817e-01 5.002438392215279306e-01 8.419390209368458056e-01 6.102123239400347732e-01 6.130510179027255369e-01 7.327247681451966033e-01
8.411023196446675287e-01 8.465402191298151413e-01 7.163490012307468513e-01 7.304027479088677222e-01 1.000000000000000000e+00 8.413932606143500470e-01 6.179015172192406924e-01 6.342989029803406398e-01 5.464225927331807231e-01 5.354029400960397256e-01 7.859897803110822423e-01 6.383291816126643869e-01 5.664509956751961894e-01 7.653078079515370780e-01 7.407224361771829191e-01 6.439638470529702730e-01 6.697399311559062429e-01
7.940572726000920678e-01 7.463364963606651248e-01 8.355689554658406459e-01 8.021876480615947047e-01 8.413932606143500470e-01 1.000000000000000000e+00 7.703999288297972425e-01 6.698624893105763478e-01 4.780973888572294106e-01 4.713016162950959820e-01 6.508233921668147293e-01 5.985172982059088209e-01 4.764753303924733063e-01 7.200199985295210325e-01 5.328995087115284690e-01 5.076002397956406176e-01 6.272508283291501341e-01
6.435095649906105164e-01 5.678062049543169953e-01 5.787674546595481528e-01 8.259314882837307525e-01 6.179015172192406924e-01 7.703999288297972425e-01 1.000000000000000000e+00 7.864441270934094952e-01 5.045871135938704288e-01 4.319048032876030008e-01 5.521557459106560817e-01 5.838278017173924583e-01 4.474073555380905787e-01 7.342690319208734495e-01 4.378850607244633153e-01 4.464371250535968394e-01 5.634041298963912148e-01
6.208232489477678584e-01 5.442686412224693182e-01 4.721669726447670912e-01 6.807561555150416499e-01 6.342989029803406398e-01 6.698624893105763478e-01 7.864441270934094952e-01 1.000000000000000000e+00 4.979624371270126026e-01 4.072181275412043999e-01 7.156331458253852862e-01 7.250646399591217373e-01 7.335872666894273086e-01 7.399947924823546686e-01 5.708974039358770680e-01 6.519303780545879778e-01 6.843237450845836012e-01
5.682873031153893306e-01 5.057495991389397982e-01 3.975596330966483793e-01 5.764031634658681735e-01 5.464225927331807231e-01 4.780973888572294106e-01 5.045871135938704288e-01 4.979624371270126026e-01 1.000000000000000000e+00 5.342340823737307121e-01 4.820814924608445295e-01 5.033086238151989189e-01 4.389341516654836628e-01 5.829052467515319913e-01 6.352211478749055784e-01 4.919126044999649339e-01 5.853032912911663166e-01
4.979940838184054863e-01 5.101710683119744516e-01 4.058635869715248590e-01 4.981167941974339319e-01 5.354029400960397256e-01 4.713016162950959820e-01 4.319048032876030008e-01 4.072181275412043999e-01 5.342340823737307121e-01 1.000000000000000000e+00 5.366081826458942716e-01 4.458426763151362437e-01 3.958723286840796773e-01 5.449441815331894645e-01 5.300369365137093114e-01 5.931027336733769584e-01 6.213652970610530346e-01
7.214328083425936011e-01 7.105214123164322881e-01 5.726259324356831604e-01 5.671282255046496967e-01 7.859897803110822423e-01 6.508233921668147293e-01 5.521557459106560817e-01 7.156331458253852862e-01 4.820814924608445295e-01 5.366081826458942716e-01 1.000000000000000000e+00 7.219977540861313159e-01 7.167514420689865551e-01 6.843087780614841575e-01 7.384973590018570899e-01 7.680563757193324959e-01 6.645681984608634574e-01
5.268073576397541702e-01 5.250888850661292739e-01 5.295186919348311427e-01 5.905206004208802817e-01 6.383291816126643869e-01 5.985172982059088209e-01 5.838278017173924583e-01 7.250646399591217373e-01 5.033086238151989189e-01 4.458426763151362437e-01 7.219977540861313159e-01 1.000000000000000000e+00 7.818721394488338250e-01 6.435685729286386714e-01 6.100833303558913512e-01 6.205870647677199647e-01 5.552662618632412395e-01
4.607204953782169099e-01 4.809184483991911785e-01 4.670570275238570268e-01 5.002438392215279306e-01 5.664509956751961894e-01 4.764753303924733063e-01 4.474073555380905787e-01 7.335872666894273086e-01 4.389341516654836628e-01 3.958723286840796773e-01 7.167514420689865551e-01 7.818721394488338250e-01 1.000000000000000000e+00 6.412196559676240915e-01 5.388755879986034669e-01 7.838636701102102977e-01 7.294865020521515975e-01
7.383460095847230731e-01 8.007288891478892001e-01 5.881617392350476647e-01 8.419390209368458056e-01 7.653078079515370780e-01 7.200199985295210325e-01 7.342690319208734495e-01 7.399947924823546686e-01 5.829052467515319913e-01 5.449441815331894645e-01 6.843087780614841575e-01 6.435685729286386714e-01 6.412196559676240915e-01 1.000000000000000000e+00 6.823176265603331236e-01 7.436614770763817495e-01 8.306983819521926993e-01
6.150335885948167158e-01 6.941401087679747173e-01 4.546963367817362656e-01 6.102123239400347732e-01 7.407224361771829191e-01 5.328995087115284690e-01 4.378850607244633153e-01 5.708974039358770680e-01 6.352211478749055784e-01 5.300369365137093114e-01 7.384973590018570899e-01 6.100833303558913512e-01 5.388755879986034669e-01 6.823176265603331236e-01 1.000000000000000000e+00 7.075665392653828212e-01 6.325490079617664962e-01
5.474844685085933360e-01 6.379344944292054675e-01 5.043205013089027133e-01 6.130510179027255369e-01 6.439638470529702730e-01 5.076002397956406176e-01 4.464371250535968394e-01 6.519303780545879778e-01 4.919126044999649339e-01 5.931027336733769584e-01 7.680563757193324959e-01 6.205870647677199647e-01 7.838636701102102977e-01 7.436614770763817495e-01 7.075665392653828212e-01 1.000000000000000000e+00 8.789838397669513803e-01
6.207170367490640883e-01 7.144787653232393954e-01 6.031847044277196535e-01 7.327247681451966033e-01 6.697399311559062429e-01 6.272508283291501341e-01 5.634041298963912148e-01 6.843237450845836012e-01 5.853032912911663166e-01 6.213652970610530346e-01 6.645681984608634574e-01 5.552662618632412395e-01 7.294865020521515975e-01 8.306983819521926993e-01 6.325490079617664962e-01 8.789838397669513803e-01 1.000000000000000000e+00
