1.000000000000000000e+00 8.478678964341754831e-01 6.860876682041102681e-01 5.939883704836385059e-01 7.721719168601568484e-01 7.138152903357628531e-01 5.709043146388597112e-01 4.547103543449024787e-01 5.708239282874029152e-01 5.746794351124087097e-01 6.443383369866849675e-01 4.296615834444406090e-01 4.819693430164330161e-01 6.957887838001077796e-01 6.942262006220827342e-01 5.016135442480301743e-01 5.887622030133828899e-01
8.478678964341754831e-01 1.000000000000000000e+00 6.371134807651026577e-01 6.032056075699968600e-01 7.112286080399539134e-01 6.427197598284789537e-01 5.454202308732212234e-01 4.056291332667699701e-01 4.600764223018562471e-01 5.972418351354417121e-01 5.891131653274862545e-01 3.571397634616588768e-01 3.831969178677862020e-01 7.954994151616029407e-01 7.183870799005392938e-01 5.183005347283784481e-01 6.339297709773058509e-01
6.860876682041102681e-01 6.371134807651026577e-01 1.000000000000000000e+00 5.731453157040289348e-01 7.003333180950684911e-01 7.676740975090031727e-01 6.906000189278870272e-01 5.084557308411048471e-01 3.733625133891136927e-01 5.411930336378240058e-01 6.432558696025146849e-01 5.080697675556881121e-01 4.388608148953040966e-01 6.425057168727104084e-01 5.392857861185774704e-01 3.869650579664211665e-01 4.334152464606737531e-01
5.939883704836385059e-01 6.032056075699968600e-01 5.731453157040289348e-01 1.000000000000000000e+00 5.440224577972294639e-01 6.453617479275408630e-01 7.402322145309143675e-01 4.462546970178115635e-01 4.959681042513158777e-01 3.995980534547904361e-01 4.431130721236850034e-01 4.377673249795993038e-01 3.653455514342284216e-01 6.842800599019468466e-01 6.067079932895611538e-01 3.810805853963554757e-01 3.858475264889940082e-01
7.721719168601568484e-01 7.112286080399539134e-01 7.003333180950684911e-01 5.440224577972294639e-01 1.000000000000000000e+00 8.830078640313566707e-01 6.634326029639121547e-01 5.359411201532408020e-01 4.455134613625099660e-01 4.378308258288063914e-01 7.871889606376564208e-01 6.630810603238288525e-01 4.687032706050880404e-01 6.651426558862203464e-01 5.694725621377907387e-01 2.489707976039161053e-01 3.165503784435679258e-01
7.138152903357628531e-01 6.427197598284789537e-01 7.676740975090031727e-01 6.453617479275408630e-01 8.830078640313566707e-01 1.000000000000000000e+00 7.672512982006812754e-01 5.961073084152864743e-01 4.158044385804532950e-01 4.062819937678369686e-01 7.253195641713766628e-01 6.887242189151918659e-01 4.953996261640623566e-01 6.506413841869702619e-01 5.007978762978505527e-01 2.154863108694408669e-01 2.798338892679068657e-01
5.709043146388597112e-01 5.454202308732212234e-01 6.906000189278870272e-01 7.402322145309143675e-01 6.634326029639121547e-01 7.672512982006812754e-01 1.000000000000000000e+00 7.162141167466172798e-01 3.934939429478264694e-01 3.897314255536279970e-01 5.379936080941623011e-01 5.952411398704262613e-01 3.714598705821846036e-01 6.682076771789714487e-01 3.918251395572951434e-01 1.416800632303998608e-01 2.374164135914935136e-01
4.547103543449024787e-01 4.056291332667699701e-01 5.084557308411048471e-01 4.462546970178115635e-01 5.359411201532408020e-01 5.961073084152864743e-01 7.162141167466172798e-01 1.000000000000000000e+00 2.070445603441427029e-01 2.947094904889597800e-01 5.553371641302540240e-01 7.417912628388797502e-01 7.026804241984248023e-01 4.641880620955946002e-01 1.722436735703769817e-01 5.090749809660974345e-02 1.796421241798203394e-01
5.708239282874029152e-01 4.600764223018562471e-01 3.733625133891136927e-01 4.959681042513158777e-01 4.455134613625099660e-01 4.158044385804532950e-01 3.934939429478264694e-01 2.070445603441427029e-01 1.000000000000000000e+00 4.148636122731683140e-01 2.727403019147257579e-01 1.782896629656856857e-01 1.948590801773619485e-01 5.055040890219982819e-01 5.930660088501263916e-01 3.630280290929636666e-01 4.448585763725385056e-01
5.746794351124087097e-01 5.972418351354417121e-01 5.411930336378240058e-01 3.995980534547904361e-01 4.378308258288063914e-01 4.062819937678369686e-01 3.897314255536279970e-01 2.947094904889597800e-01 4.148636122731683140e-01 1.000000000000000000e+00 3.949032977163374203e-01 1.531825951815563580e-01 3.401245567175869011e-01 6.388981587277888785e-01 5.684130389787804827e-01 5.946340020750722211e-01 7.066245360832222877e-01
6.443383369866849675e-01 5.891131653274862545e-01 6.432558696025146849e-01 4.431130721236850034e-01 7.871889606376564208e-01 7.253195641713766628e-01 5.379936080941623011e-01 5.553371641302540240e-01 2.727403019147257579e-01 3.949032977163374203e-01 1.000000000000000000e+00 7.212111744124418689e-01 6.499766842466643268e-01 5.039369506129155463e-01 5.327664032172042541e-01 4.087465678443069628e-01 2.972302571018944906e-01
4.296615834444406090e-01 3.571397634616588768e-01 5.080697675556881121e-01 4.377673249795993038e-01 6.630810603238288525e-01 6.887242189151918659e-01 5.952411398704262613e-01 7.417912628388797502e-01 1.782896629656856857e-01 1.531825951815563580e-01 7.212111744124418689e-01 1.000000000000000000e+00 7.282748269014300835e-01 3.551634624869097756e-01 2.088591506184119539e-01 -4.767891054273013830e-03 2.583205594874620620e-02
4.819693430164330161e-01 3.831969178677862020e-01 4.388608148953040966e-01 3.653455514342284216e-01 4.687032706050880404e-01 4.953996261640623566e-01 3.714598705821846036e-01 7.026804241984248023e-01 1.948590801773619485e-01 3.401245567175869011e-01 6.499766842466643268e-01 7.282748269014300835e-01 1.000000000000000000e+00 3.774679706089196229e-01 3.361854992045828494e-01 3.523587417363580054e-01 3.769426010331680676e-01
6.957887838001077796e-01 7.954994151616029407e-01 6.425057168727104084e-01 6.842800599019468466e-01 6.651426558862203464e-01 6.506413841869702619e-01 6.682076771789714487e-01 4.641880620955946002e-01 5.055040890219982819e-01 6.388981587277888785e-01 5.039369506129155463e-01 3.551634624869097756e-01 3.774679706089196229e-01 1.000000000000000000e+00 6.936418165109647926e-01 5.068934519466401500e-01 6.722397252623963926e-01
6.942262006220827342e-01 7.183870799005392938e-01 5.392857861185774704e-01 6.067079932895611538e-01 5.694725621377907387e-01 5.007978762978505527e-01 3.918251395572951434e-01 1.722436735703769817e-01 5.930660088501263916e-01 5.684130389787804827e-01 5.327664032172042541e-01 2.088591506184119539e-01 3.361854992045828494e-01 6.936418165109647926e-01 1.000000000000000000e+00 7.386633913957598718e-01 6.876393760068688632e-01
5.016135442480301743e-01 5.183005347283784481e-01 3.869650579664211665e-01 3.810805853963554757e-01 2.489707976039161053e-01 2.154863108694408669e-01 1.416800632303998608e-01 5.090749809660974345e-02 3.630280290929636666e-01 5.946340020750722211e-01 4.087465678443069628e-01 -4.767891054273013830e-03 3.523587417363580054e-01 5.068934519466401500e-01 7.386633913957598718e-01 1.000000000000000000e+00 8.264653916684302493e-01
5.887622030133828899e-01 6.339297709773058509e-01 4.334152464606737531e-01 3.858475264889940082e-01 3.165503784435679258e-01 2.798338892679068657e-01 2.374164135914935136e-01 1.796421241798203394e-01 4.448585763725385056e-01 7.066245360832222877e-01 2.972302571018944906e-01 2.583205594874620620e-02 3.769426010331680676e-01 6.722397252623963926e-01 6.876393760068688632e-01 8.264653916684302493e-01 1.000000000000000000e+00
