1.000000000000000000e+00 7.035585823728198740e-01 5.577122068561612966e-01 6.185314807780244450e-01 7.385018564045287004e-01 5.935948408702381718e-01 6.519493917565096774e-01 4.353663703852268529e-01 5.711270620259741859e-01 5.211229363655358604e-01 5.235206996720834782e-01 2.794036157843040602e-01 3.696431519458588943e-01 6.876857148370207895e-01 6.652551929118837304e-01 6.335863652837979698e-01 6.590328827150645497e-01
7.035585823728198740e-01 1.000000000000000000e+00 4.600885338663088242e-01 5.619820747797346083e-01 5.636305427096391929e-01 4.154389666876440179e-01 5.379865226420191826e-01 2.991071114798550812e-01 4.439063484239890722e-01 3.573131632628415155e-01 4.083002551756217957e-01 1.160787155995320757e-01 2.133640093000697124e-01 5.511236809257286096e-01 5.992720811635093847e-01 4.872021799551334853e-01 5.384758789349027852e-01
5.577122068561612966e-01 4.600885338663088242e-01 1.000000000000000000e+00 7.422755706939077047e-01 7.502505790650580986e-01 8.120958707297833978e-01 7.408771540520937560e-01 3.148419269425663525e-01 3.763910079581314627e-01 3.499764828118036575e-01 3.847496992011998351e-01 3.231990092605691589e-01 2.786175806004419497e-01 5.250408485680198023e-01 5.348230574130971027e-01 3.631278363277902765e-01 3.857627124047920963e-01
6.185314807780244450e-01 5.619820747797346083e-01 7.422755706939077047e-01 1.000000000000000000e+00 6.265085315399080423e-01 5.881345393213467387e-01 8.253285160719118219e-01 4.424962429779046302e-01 4.986774972466454514e-01 4.145478262416265047e-01 3.797423361016336041e-01 2.477470780602755440e-01 2.574393867429509708e-01 7.603339927757548633e-01 6.556830153699642061e-01 5.350639477501455410e-01 5.808317507176474770e-01
7.385018564045287004e-01 5.636305427096391929e-01 7.502505790650580986e-01 6.265085315399080423e-01 1.000000000000000000e+00 8.179517471532663508e-01 6.817798086944852898e-01 3.517310701169117926e-01 5.730971899023297178e-01 5.092190370441876945e-01 4.749842391043448409e-01 4.210394559652382851e-01 3.242240082879783714e-01 6.653783067295663267e-01 6.613980978519795606e-01 4.884347580248579734e-01 5.458175522506296673e-01
5.935948408702381718e-01 4.154389666876440179e-01 8.120958707297833978e-01 5.881345393213467387e-01 8.179517471532663508e-01 1.000000000000000000e+00 6.723890325029081572e-01 3.419482697498469337e-01 3.210639082467732774e-01 3.209930310220029392e-01 4.344993000200697564e-01 3.731729048798787529e-01 3.450687928105190538e-01 5.270091227957383051e-01 5.220832507290946722e-01 4.036020083244382661e-01 4.121025114660583633e-01
6.519493917565096774e-01 5.379865226420191826e-01 7.408771540520937560e-01 8.253285160719118219e-01 6.817798086944852898e-01 6.723890325029081572e-01 1.000000000000000000e+00 6.656482639870742180e-01 5.110662857353494015e-01 4.360064346699505933e-01 4.282620442010913742e-01 4.438106864483052916e-01 4.112161872783126615e-01 7.567084765334838314e-01 5.682646912181557042e-01 5.030475511828225166e-01 6.318761140666985243e-01
4.353663703852268529e-01 2.991071114798550812e-01 3.148419269425663525e-01 4.424962429779046302e-01 3.517310701169117926e-01 3.419482697498469337e-01 6.656482639870742180e-01 1.000000000000000000e+00 3.118409051501366269e-01 3.355318995469933063e-01 3.039128362931428073e-01 5.928695697364267936e-01 6.088458732873763823e-01 5.201224303530768145e-01 2.893025728286547360e-01 4.157895547709397066e-01 5.577446415568617644e-01
5.711270620259741859e-01 4.439063484239890722e-01 3.763910079581314627e-01 4.986774972466454514e-01 5.730971899023297178e-01 3.210639082467732774e-01 5.110662857353494015e-01 3.118409051501366269e-01 1.000000000000000000e+00 7.256884855875831430e-01 1.596724363433936755e-01 2.655076091842092367e-01 2.906254519327727825e-01 6.591379039467563095e-01 5.699168342439004942e-01 4.190788650617992550e-01 6.204087593683124124e-01
5.211229363655358604e-01 3.573131632628415155e-01 3.499764828118036575e-01 4.145478262416265047e-01 5.092190370441876945e-01 3.209930310220029392e-01 4.360064346699505933e-01 3.355318995469933063e-01 7.256884855875831430e-01 1.000000000000000000e+00 6.165928875051056302e-02 4.098751477207524530e-01 5.230395529875432326e-01 5.664533156510552780e-01 3.841897259935308506e-01 4.280217173079022275e-01 6.460672272274711192e-01
5.235206996720834782e-01 4.083002551756217957e-01 3.847496992011998351e-01 3.797423361016336041e-01 4.749842391043448409e-01 4.344993000200697564e-01 4.282620442010913742e-01 3.039128362931428073e-01 1.596724363433936755e-01 6.165928875051056302e-02 1.000000000000000000e+00 1.225233803246209424e-01 1.795615391617745582e-01 3.664118509809650148e-01 5.906263275727088313e-01 6.505285667530525950e-01 2.407837368747905715e-01
2.794036157843040602e-01 1.160787155995320757e-01 3.231990092605691589e-01 2.477470780602755440e-01 4.210394559652382851e-01 3.731729048798787529e-01 4.438106864483052916e-01 5.928695697364267936e-01 2.655076091842092367e-01 4.098751477207524530e-01 1.225233803246209424e-01 1.000000000000000000e+00 6.721902283851222126e-01 2.456438578400663431e-01 1.741670867687581392e-01 1.749755760533634741e-01 2.792620721917335458e-01
3.696431519458588943e-01 2.133640093000697124e-01 2.786175806004419497e-01 2.574393867429509708e-01 3.242240082879783714e-01 3.450687928105190538e-01 4.112161872783126615e-01 6.088458732873763823e-01 2.906254519327727825e-01 5.230395529875432326e-01 1.795615391617745582e-01 6.721902283851222126e-01 1.000000000000000000e+00 3.407175587644911685e-01 2.180207904611264902e-01 3.998900963233419370e-01 5.078659760343301466e-01
6.876857148370207895e-01 5.511236809257286096e-01 5.250408485680198023e-01 7.603339927757548633e-01 6.653783067295663267e-01 5.270091227957383051e-01 7.567084765334838314e-01 5.201224303530768145e-01 6.591379039467563095e-01 5.664533156510552780e-01 3.664118509809650148e-01 2.456438578400663431e-01 3.407175587644911685e-01 1.000000000000000000e+00 6.820424145582009157e-01 6.414686298414372656e-01 8.284223867338593728e-01
6.652551929118837304e-01 5.992720811635093847e-01 5.348230574130971027e-01 6.556830153699642061e-01 6.613980978519795606e-01 5.220832507290946722e-01 5.682646912181557042e-01 2.893025728286547360e-01 5.699168342439004942e-01 3.841897259935308506e-01 5.906263275727088313e-01 1.741670867687581392e-01 2.180207904611264902e-01 6.820424145582009157e-01 1.000000000000000000e+00 7.637950087633395002e-01 5.777347857480550353e-01
6.335863652837979698e-01 4.872021799551334853e-01 3.631278363277902765e-01 5.350639477501455410e-01 4.884347580248579734e-01 4.036020083244382661e-01 5.030475511828225166e-01 4.157895547709397066e-01 4.190788650617992550e-01 4.280217173079022275e-01 6.505285667530525950e-01 1.749755760533634741e-01 3.998900963233419370e-01 6.414686298414372656e-01 7.637950087633395002e-01 1.000000000000000000e+00 6.892667314500808828e-01
6.590328827150645497e-01 5.384758789349027852e-01 3.857627124047920963e-01 5.808317507176474770e-01 5.458175522506296673e-01 4.121025114660583633e-01 6.318761140666985243e-01 5.577446415568617644e-01 6.204087593683124124e-01 6.460672272274711192e-01 2.407837368747905715e-01 2.792620721917335458e-01 5.078659760343301466e-01 8.284223867338593728e-01 5.777347857480550353e-01 6.892667314500808828e-01 1.000000000000000000e+00
