1.000000000000000000e+00 8.011243410078467964e-01 4.799253964431882680e-01 5.253617172567845994e-01 7.202698187985646650e-01 5.613056761850139242e-01 4.520658182041580320e-01 5.230229309214020628e-01 5.886213736362276849e-01 6.213119462884147959e-01 6.159058165899239379e-01 4.348600863344349032e-01 4.886208906466208979e-01 6.137772603138115235e-01 5.855676638432474324e-01 5.991968210138562956e-01 5.323883878086167476e-01
8.011243410078467964e-01 1.000000000000000000e+00 4.330977931907801226e-01 4.813129531423439578e-01 6.734922795440696497e-01 4.899564863462343434e-01 4.397044480926379229e-01 4.097463220388015137e-01 5.059359485279941726e-01 4.838505418166881844e-01 6.293008666232992043e-01 3.802138641729058688e-01 3.317649830864858318e-01 5.420363661828088153e-01 6.393684752710616648e-01 5.440316339875941321e-01 4.391757879148899812e-01
4.799253964431882680e-01 4.330977931907801226e-01 1.000000000000000000e+00 4.834950059322584148e-01 4.883589721908145886e-01 6.838610901271732212e-01 6.052400327644943401e-01 5.397969452998573336e-01 3.591132890291913182e-01 4.670429276352944248e-01 3.775806045446504777e-01 4.229656536149659640e-01 4.202391707256523112e-01 4.946089818906190261e-01 3.058691285367621249e-01 4.283627770461089224e-01 3.821420935660854168e-01
5.253617172567845994e-01 4.813129531423439578e-01 4.834950059322584148e-01 1.000000000000000000e+00 4.532126330377900802e-01 4.304230448621009786e-01 7.424093297202214448e-01 5.526519735359852747e-01 5.346076622212340146e-01 3.078107410737971894e-01 3.100072918371469810e-01 3.792689537117377996e-01 3.436743175836143305e-01 5.403532913277827587e-01 2.483103201982818919e-01 2.858263195622853803e-01 3.627898976541164555e-01
7.202698187985646650e-01 6.734922795440696497e-01 4.883589721908145886e-01 4.532126330377900802e-01 1.000000000000000000e+00 7.566637939482298014e-01 4.480476989387933706e-01 5.667740419110486316e-01 5.370274340386141931e-01 5.900969252733531123e-01 7.493453721036871240e-01 7.276645223104030169e-01 5.485755748820336786e-01 6.151036025856837508e-01 5.810662534493697962e-01 5.416301118765366462e-01 4.718659613988163137e-01
5.613056761850139242e-01 4.899564863462343434e-01 6.838610901271732212e-01 4.304230448621009786e-01 7.566637939482298014e-01 1.000000000000000000e+00 6.163303435471266800e-01 6.953565300058417442e-01 4.171705561270789286e-01 4.956355315062962452e-01 5.447129814296588490e-01 6.883023548745758058e-01 5.795254777630415299e-01 5.620898948298098663e-01 3.054608277819971796e-01 4.067224708651335230e-01 4.030832520173904254e-01
4.520658182041580320e-01 4.397044480926379229e-01 6.052400327644943401e-01 7.424093297202214448e-01 4.480476989387933706e-01 6.163303435471266800e-01 1.000000000000000000e+00 7.664045383794004795e-01 4.712397795001998513e-01 2.162042617040930703e-01 2.477512496117712237e-01 4.439061145096282468e-01 3.952670242091109731e-01 5.227765162403761323e-01 8.408260491660271563e-02 1.876318705503897954e-01 3.415884099102484694e-01
5.230229309214020628e-01 4.097463220388015137e-01 5.397969452998573336e-01 5.526519735359852747e-01 5.667740419110486316e-01 6.953565300058417442e-01 7.664045383794004795e-01 1.000000000000000000e+00 5.568857405680079919e-01 3.798187066862340200e-01 3.543264700039743254e-01 6.934331654070212680e-01 7.432052803213646808e-01 6.836628644445086334e-01 1.504847676480548513e-01 3.850621077111541224e-01 5.744581848117147338e-01
5.886213736362276849e-01 5.059359485279941726e-01 3.591132890291913182e-01 5.346076622212340146e-01 5.370274340386141931e-01 4.171705561270789286e-01 4.712397795001998513e-01 5.568857405680079919e-01 1.000000000000000000e+00 5.200816145842324101e-01 3.041180106384684945e-01 5.249399229293054692e-01 5.210950652793917559e-01 6.657878449945962007e-01 4.944383866727736776e-01 4.992959760634326227e-01 6.246142301527388696e-01
6.213119462884147959e-01 4.838505418166881844e-01 4.670429276352944248e-01 3.078107410737971894e-01 5.900969252733531123e-01 4.956355315062962452e-01 2.162042617040930703e-01 3.798187066862340200e-01 5.200816145842324101e-01 1.000000000000000000e+00 5.167043945573961405e-01 5.022460083612245718e-01 5.768729498603162309e-01 6.243356033075719846e-01 6.740289899572142751e-01 8.084021522120858894e-01 6.664957109473664820e-01
6.159058165899239379e-01 6.293008666232992043e-01 3.775806045446504777e-01 3.100072918371469810e-01 7.493453721036871240e-01 5.447129814296588490e-01 2.477512496117712237e-01 3.543264700039743254e-01 3.041180106384684945e-01 5.167043945573961405e-01 1.000000000000000000e+00 4.313888895705535464e-01 3.712089437547683168e-01 5.102051824339833841e-01 6.304235114645156957e-01 6.424697591530835750e-01 3.893789799929349704e-01
4.348600863344349032e-01 3.802138641729058688e-01 4.229656536149659640e-01 3.792689537117377996e-01 7.276645223104030169e-01 6.883023548745758058e-01 4.439061145096282468e-01 6.934331654070212680e-01 5.249399229293054692e-01 5.022460083612245718e-01 4.313888895705535464e-01 1.000000000000000000e+00 7.880719117275706287e-01 5.497449548706094813e-01 3.073718326713693605e-01 4.125694325730488998e-01 4.794492538700861894e-01
4.886208906466208979e-01 3.317649830864858318e-01 4.202391707256523112e-01 3.436743175836143305e-01 5.485755748820336786e-01 5.795254777630415299e-01 3.952670242091109731e-01 7.432052803213646808e-01 5.210950652793917559e-01 5.768729498603162309e-01 3.712089437547683168e-01 7.880719117275706287e-01 1.000000000000000000e+00 6.483318855448079177e-01 2.732670624671669768e-01 5.653200105474989190e-01 7.000330529631972887e-01
6.137772603138115235e-01 5.420363661828088153e-01 4.946089818906190261e-01 5.403532913277827587e-01 6.151036025856837508e-01 5.620898948298098663e-01 5.227765162403761323e-01 6.836628644445086334e-01 6.657878449945962007e-01 6.243356033075719846e-01 5.102051824339833841e-01 5.497449548706094813e-01 6.483318855448079177e-01 1.000000000000000000e+00 4.723135036611685877e-01 6.825080837983122928e-01 8.151102532332131778e-01
5.855676638432474324e-01 6.393684752710616648e-01 3.058691285367621249e-01 2.483103201982818919e-01 5.810662534493697962e-01 3.054608277819971796e-01 8.408260491660271563e-02 1.504847676480548513e-01 4.944383866727736776e-01 6.740289899572142751e-01 6.304235114645156957e-01 3.073718326713693605e-01 2.732670624671669768e-01 4.723135036611685877e-01 1.000000000000000000e+00 7.412164277781011501e-01 4.857330278206919427e-01
5.991968210138562956e-01 5.440316339875941321e-01 4.283627770461089224e-01 2.858263195622853803e-01 5.416301118765366462e-01 4.067224708651335230e-01 1.876318705503897954e-01 3.850621077111541224e-01 4.992959760634326227e-01 8.084021522120858894e-01 6.424697591530835750e-01 4.125694325730488998e-01 5.653200105474989190e-01 6.825080837983122928e-01 7.412164277781011501e-01 1.000000000000000000e+00 8.006594086600937743e-01
5.323883878086167476e-01 4.391757879148899812e-01 3.821420935660854168e-01 3.627898976541164555e-01 4.718659613988163137e-01 4.030832520173904254e-01 3.415884099102484694e-01 5.744581848117147338e-01 6.246142301527388696e-01 6.664957109473664820e-01 3.893789799929349704e-01 4.794492538700861894e-01 7.000330529631972887e-01 8.151102532332131778e-01 4.857330278206919427e-01 8.006594086600937743e-01 1.000000000000000000e+00
