1.000000000000000000e+00 8.541444418010232242e-01 4.908520341639462936e-01 5.438896245785618255e-01 7.495506583928591704e-01 5.613350625140837158e-01 5.223710817497230208e-01 6.442229306944885492e-01 5.766517526928244264e-01 4.718815967255305388e-01 5.536778465655369796e-01 5.746514011959451551e-01 5.793120967435128055e-01 6.826893107077874889e-01 4.897813631871258400e-01 4.714637869409622484e-01 5.111331680332668048e-01
8.541444418010232242e-01 1.000000000000000000e+00 4.453788500388276006e-01 5.360209379114131423e-01 6.300787036250222739e-01 4.708463013413168863e-01 5.329288981206863340e-01 5.477964766517663397e-01 4.997240639342295787e-01 4.088120372815751691e-01 5.044353046715046585e-01 4.733753923287536969e-01 3.858614398101433141e-01 6.348200038243905219e-01 5.408514633075509614e-01 3.787531544857927757e-01 3.942709790845093099e-01
4.908520341639462936e-01 4.453788500388276006e-01 1.000000000000000000e+00 6.571784783390887119e-01 5.864890885252997954e-01 6.704049518485254433e-01 6.278719194119597447e-01 6.013317840542313775e-01 3.947017219280029576e-01 4.534857277133503839e-01 5.193174541464385952e-01 5.803394117703052357e-01 5.804788374864757738e-01 5.811242357779765610e-01 3.250211588300401799e-01 4.169099183979710355e-01 4.558973177757387751e-01
5.438896245785618255e-01 5.360209379114131423e-01 6.571784783390887119e-01 1.000000000000000000e+00 4.915001014403896362e-01 4.893313212813273916e-01 7.466535022518987486e-01 6.506987732997472351e-01 5.687445417896569433e-01 4.878741896809485890e-01 3.701482471399808460e-01 5.257964626736465474e-01 5.073302147458972344e-01 8.015043875707287269e-01 4.286603295819124693e-01 4.471309989779447269e-01 5.058416798888103472e-01
7.495506583928591704e-01 6.300787036250222739e-01 5.864890885252997954e-01 4.915001014403896362e-01 1.000000000000000000e+00 8.616740227445510714e-01 5.976842542754202681e-01 5.589038231537057921e-01 4.250125010164502726e-01 3.940860054241565047e-01 7.184443711704866509e-01 7.577787840696276200e-01 5.850419810352562866e-01 5.828313107176459340e-01 4.290405171520785266e-01 3.415264723083812348e-01 3.188910741849391717e-01
5.613350625140837158e-01 4.708463013413168863e-01 6.704049518485254433e-01 4.893313212813273916e-01 8.616740227445510714e-01 1.000000000000000000e+00 7.229674374271090054e-01 5.747976478460953276e-01 2.621107669607791735e-01 2.203513758692650648e-01 6.098982974212231456e-01 7.777386356606112994e-01 4.893988970655290816e-01 4.714253412183015413e-01 1.942931404525072847e-01 1.286885163861630488e-01 1.282704512099553662e-01
5.223710817497230208e-01 5.329288981206863340e-01 6.278719194119597447e-01 7.466535022518987486e-01 5.976842542754202681e-01 7.229674374271090054e-01 1.000000000000000000e+00 7.120430838634848048e-01 3.222600538451605989e-01 1.761812572290193946e-01 4.155479671999720015e-01 6.412512917566504100e-01 4.120768925660107107e-01 6.592353468889896595e-01 1.662038737770027419e-01 9.529240355255448602e-02 1.834136170571766811e-01
6.442229306944885492e-01 5.477964766517663397e-01 6.013317840542313775e-01 6.506987732997472351e-01 5.589038231537057921e-01 5.747976478460953276e-01 7.120430838634848048e-01 1.000000000000000000e+00 4.632140523277301081e-01 4.374375465724872902e-01 5.176199843647568688e-01 6.772816215847702326e-01 7.427958363314107748e-01 7.070577088008168642e-01 2.199070294496248967e-01 4.257758883096403602e-01 5.207086907371295537e-01
5.766517526928244264e-01 4.997240639342295787e-01 3.947017219280029576e-01 5.687445417896569433e-01 4.250125010164502726e-01 2.621107669607791735e-01 3.222600538451605989e-01 4.632140523277301081e-01 1.000000000000000000e+00 5.237434548046731031e-01 3.482666380734522615e-01 3.239434706429275002e-01 4.339930431969225011e-01 6.473283198246417847e-01 4.119746824921332595e-01 4.964589935746731020e-01 5.573965794170304688e-01
4.718815967255305388e-01 4.088120372815751691e-01 4.534857277133503839e-01 4.878741896809485890e-01 3.940860054241565047e-01 2.203513758692650648e-01 1.761812572290193946e-01 4.374375465724872902e-01 5.237434548046731031e-01 1.000000000000000000e+00 3.813853151049564350e-01 3.911052765642090701e-01 6.556112908224484004e-01 5.920900938175625017e-01 5.852671366078568971e-01 7.757354215840597256e-01 8.119473556492297073e-01
5.536778465655369796e-01 5.044353046715046585e-01 5.193174541464385952e-01 3.701482471399808460e-01 7.184443711704866509e-01 6.098982974212231456e-01 4.155479671999720015e-01 5.176199843647568688e-01 3.482666380734522615e-01 3.813853151049564350e-01 1.000000000000000000e+00 6.449889363671202913e-01 5.015971853460023944e-01 5.027850129296095316e-01 5.494917227305825547e-01 5.189331717000235100e-01 3.262463756006054871e-01
5.746514011959451551e-01 4.733753923287536969e-01 5.803394117703052357e-01 5.257964626736465474e-01 7.577787840696276200e-01 7.777386356606112994e-01 6.412512917566504100e-01 6.772816215847702326e-01 3.239434706429275002e-01 3.911052765642090701e-01 6.449889363671202913e-01 1.000000000000000000e+00 7.033198665711182240e-01 5.249534588231908883e-01 3.055214660383198666e-01 2.949312391631580543e-01 2.993107383521896314e-01
5.793120967435128055e-01 3.858614398101433141e-01 5.804788374864757738e-01 5.073302147458972344e-01 5.850419810352562866e-01 4.893988970655290816e-01 4.120768925660107107e-01 7.427958363314107748e-01 4.339930431969225011e-01 6.556112908224484004e-01 5.015971853460023944e-01 7.033198665711182240e-01 1.000000000000000000e+00 6.187696032567568949e-01 2.938845615650321763e-01 6.086124520153902706e-01 7.067929082872266289e-01
6.826893107077874889e-01 6.348200038243905219e-01 5.811242357779765610e-01 8.015043875707287269e-01 5.828313107176459340e-01 4.714253412183015413e-01 6.592353468889896595e-01 7.070577088008168642e-01 6.473283198246417847e-01 5.920900938175625017e-01 5.027850129296095316e-01 5.249534588231908883e-01 6.187696032567568949e-01 1.000000000000000000e+00 4.916287723581382885e-01 5.884863808384872552e-01 6.620924920435029559e-01
4.897813631871258400e-01 5.408514633075509614e-01 3.250211588300401799e-01 4.286603295819124693e-01 4.290405171520785266e-01 1.942931404525072847e-01 1.662038737770027419e-01 2.199070294496248967e-01 4.119746824921332595e-01 5.852671366078568971e-01 5.494917227305825547e-01 3.055214660383198666e-01 2.938845615650321763e-01 4.916287723581382885e-01 1.000000000000000000e+00 7.157673472838028683e-01 5.291038978866184905e-01
4.714637869409622484e-01 3.787531544857927757e-01 4.169099183979710355e-01 4.471309989779447269e-01 3.415264723083812348e-01 1.286885163861630488e-01 9.529240355255448602e-02 4.257758883096403602e-01 4.964589935746731020e-01 7.757354215840597256e-01 5.189331717000235100e-01 2.949312391631580543e-01 6.086124520153902706e-01 5.884863808384872552e-01 7.157673472838028683e-01 1.000000000000000000e+00 8.652288284696918463e-01
5.111331680332668048e-01 3.942709790845093099e-01 4.558973177757387751e-01 5.058416798888103472e-01 3.188910741849391717e-01 1.282704512099553662e-01 1.834136170571766811e-01 5.207086907371295537e-01 5.573965794170304688e-01 8.119473556492297073e-01 3.262463756006054871e-01 2.993107383521896314e-01 7.067929082872266289e-01 6.620924920435029559e-01 5.291038978866184905e-01 8.652288284696918463e-01 1.000000000000000000e+00
