1.000000000000000000e+00 8.465986028327999735e-01 4.282701650742093968e-01 5.092355079441379662e-01 7.003015619703478745e-01 5.496115804070519362e-01 4.617560278445896338e-01 5.882619550130052666e-01 5.006857706998892876e-01 5.758165494967701914e-01 6.471483848066849065e-01 5.349242147533269653e-01 5.744920629261734968e-01 5.334291060435868426e-01 6.442251887769364638e-01 5.757063436553347957e-01 5.517263800712907118e-01
8.465986028327999735e-01 1.000000000000000000e+00 4.571442358400277239e-01 5.627350874808707548e-01 7.490856218273659328e-01 6.063728520224023200e-01 5.598756565558823395e-01 6.491932645119722345e-01 4.841911891944845059e-01 4.771679695460353532e-01 7.104338007439777725e-01 6.241964098324724874e-01 6.443717372944449684e-01 6.524708231003831793e-01 6.819160305199053473e-01 6.519037086882957244e-01 6.075594560662985755e-01
4.282701650742093968e-01 4.571442358400277239e-01 1.000000000000000000e+00 6.311838371237796785e-01 4.251162668171983849e-01 7.654811072122625903e-01 6.952968096984514235e-01 5.403401170600120595e-01 4.927635052220364908e-01 2.110464357328850904e-01 3.212305481190841916e-01 4.382267498982497789e-01 3.719679932827615887e-01 3.499052986953191668e-01 2.797389694203747945e-01 3.527276973154936934e-01 4.293282739092205147e-01
5.092355079441379662e-01 5.627350874808707548e-01 6.311838371237796785e-01 1.000000000000000000e+00 4.367343647619946201e-01 6.335317529266396575e-01 8.398093998330060650e-01 6.596408888228827427e-01 4.697052374109542128e-01 2.619082710241854572e-01 3.304402742369491608e-01 4.588460047232993388e-01 3.331803112959945135e-01 5.019209728708323714e-01 3.697206346637528784e-01 4.056767645894662211e-01 4.634389872282149159e-01
7.003015619703478745e-01 7.490856218273659328e-01 4.251162668171983849e-01 4.367343647619946201e-01 1.000000000000000000e+00 7.321079286437587319e-01 5.225470948912748215e-01 6.910589389806229832e-01 3.203230184434026628e-01 3.510952383269386745e-01 8.576964241975821857e-01 8.407698753067092134e-01 7.914896039419695439e-01 4.630726008575933861e-01 6.742738694845916703e-01 5.980908422970601102e-01 4.434285442262605459e-01
5.496115804070519362e-01 6.063728520224023200e-01 7.654811072122625903e-01 6.335317529266396575e-01 7.321079286437587319e-01 1.000000000000000000e+00 8.092423399326611477e-01 7.388896576957835194e-01 3.951392984559893296e-01 2.126373428982849256e-01 5.960108205308556339e-01 6.935231594015055512e-01 5.742386429499619638e-01 3.974743869252623796e-01 4.757950367549173554e-01 4.070501013519599587e-01 3.599139230395422828e-01
4.617560278445896338e-01 5.598756565558823395e-01 6.952968096984514235e-01 8.398093998330060650e-01 5.225470948912748215e-01 8.092423399326611477e-01 1.000000000000000000e+00 7.938148001624792949e-01 4.456211943376131579e-01 2.317451347237344805e-01 4.069428761696496366e-01 5.352063852783930376e-01 4.130476747828664696e-01 4.572089517013382398e-01 3.744957707298092187e-01 3.237601377997008645e-01 3.657316768408983565e-01
5.882619550130052666e-01 6.491932645119722345e-01 5.403401170600120595e-01 6.596408888228827427e-01 6.910589389806229832e-01 7.388896576957835194e-01 7.938148001624792949e-01 1.000000000000000000e+00 4.821255492556281164e-01 4.326471861602541602e-01 6.070139578233388900e-01 6.576809260073317454e-01 6.805755554500351190e-01 5.642048575050000458e-01 4.612244582477128541e-01 4.225077755234247223e-01 4.936751922077102783e-01
5.006857706998892876e-01 4.841911891944845059e-01 4.927635052220364908e-01 4.697052374109542128e-01 3.203230184434026628e-01 3.951392984559893296e-01 4.456211943376131579e-01 4.821255492556281164e-01 1.000000000000000000e+00 4.468535553886875955e-01 3.373171851831145429e-01 3.328275089170867895e-01 3.760579106335167343e-01 5.433960120358366508e-01 4.494896266695863063e-01 5.033094625151443013e-01 6.126306754704384794e-01
5.758165494967701914e-01 4.771679695460353532e-01 2.110464357328850904e-01 2.619082710241854572e-01 3.510952383269386745e-01 2.126373428982849256e-01 2.317451347237344805e-01 4.326471861602541602e-01 4.468535553886875955e-01 1.000000000000000000e+00 4.219637321235386040e-01 2.556987506475947858e-01 4.500189373979530671e-01 3.664002799782000164e-01 5.490727179377354883e-01 4.873075530270220557e-01 5.044412023578455084e-01
6.471483848066849065e-01 7.104338007439777725e-01 3.212305481190841916e-01 3.304402742369491608e-01 8.576964241975821857e-01 5.960108205308556339e-01 4.069428761696496366e-01 6.070139578233388900e-01 3.373171851831145429e-01 4.219637321235386040e-01 1.000000000000000000e+00 7.197115334431160028e-01 8.042857615780946157e-01 5.249794946583783428e-01 7.530417990031220699e-01 7.544992226598772334e-01 5.294695383565903857e-01
5.349242147533269653e-01 6.241964098324724874e-01 4.382267498982497789e-01 4.588460047232993388e-01 8.407698753067092134e-01 6.935231594015055512e-01 5.352063852783930376e-01 6.576809260073317454e-01 3.328275089170867895e-01 2.556987506475947858e-01 7.197115334431160028e-01 1.000000000000000000e+00 7.959808015364833178e-01 4.196604594674779865e-01 5.677283782329534123e-01 5.622057101166724191e-01 4.771583951067892571e-01
5.744920629261734968e-01 6.443717372944449684e-01 3.719679932827615887e-01 3.331803112959945135e-01 7.914896039419695439e-01 5.742386429499619638e-01 4.130476747828664696e-01 6.805755554500351190e-01 3.760579106335167343e-01 4.500189373979530671e-01 8.042857615780946157e-01 7.959808015364833178e-01 1.000000000000000000e+00 5.138124164355064583e-01 6.132654150762014700e-01 7.227055231917276501e-01 6.396603530944293681e-01
5.334291060435868426e-01 6.524708231003831793e-01 3.499052986953191668e-01 5.019209728708323714e-01 4.630726008575933861e-01 3.974743869252623796e-01 4.572089517013382398e-01 5.642048575050000458e-01 5.433960120358366508e-01 3.664002799782000164e-01 5.249794946583783428e-01 4.196604594674779865e-01 5.138124164355064583e-01 1.000000000000000000e+00 4.849410072798157056e-01 6.131407072960319837e-01 7.624703265239639594e-01
6.442251887769364638e-01 6.819160305199053473e-01 2.797389694203747945e-01 3.697206346637528784e-01 6.742738694845916703e-01 4.757950367549173554e-01 3.744957707298092187e-01 4.612244582477128541e-01 4.494896266695863063e-01 5.490727179377354883e-01 7.530417990031220699e-01 5.677283782329534123e-01 6.132654150762014700e-01 4.849410072798157056e-01 1.000000000000000000e+00 7.272506308527347807e-01 5.079340910733282088e-01
5.757063436553347957e-01 6.519037086882957244e-01 3.527276973154936934e-01 4.056767645894662211e-01 5.980908422970601102e-01 4.070501013519599587e-01 3.237601377997008645e-01 4.225077755234247223e-01 5.033094625151443013e-01 4.873075530270220557e-01 7.544992226598772334e-01 5.622057101166724191e-01 7.227055231917276501e-01 6.131407072960319837e-01 7.272506308527347807e-01 1.000000000000000000e+00 7.910806579326797872e-01
5.517263800712907118e-01 6.075594560662985755e-01 4.293282739092205147e-01 4.634389872282149159e-01 4.434285442262605459e-01 3.599139230395422828e-01 3.657316768408983565e-01 4.936751922077102783e-01 6.126306754704384794e-01 5.044412023578455084e-01 5.294695383565903857e-01 4.771583951067892571e-01 6.396603530944293681e-01 7.624703265239639594e-01 5.079340910733282088e-01 7.910806579326797872e-01 1.000000000000000000e+00
