1.000000000000000000e+00 7.501866755680984822e-01 4.018343275871792963e-01 3.283272559124853496e-01 6.283628471342771471e-01 4.860080304545031371e-01 2.759123396407713313e-01 3.601973326420576105e-01 1.936522709279339949e-01 4.728804738489595927e-01 4.652326252443104715e-01 2.950330638383045212e-01 4.324048922607366952e-01 4.233864442852581789e-01 5.156170213362261112e-01 4.883811076963106568e-01 4.520857486510788115e-01
7.501866755680984822e-01 1.000000000000000000e+00 3.675501364413657490e-01 5.500186350572116023e-01 6.157107228914282526e-01 4.354049504319296160e-01 4.561872240510287391e-01 3.600167802449072418e-01 2.352183941446941151e-01 3.444969366440686631e-01 6.250757449740220739e-01 4.078465668991953508e-01 3.883721053855936356e-01 4.757819781644608281e-01 6.584266257666679945e-01 4.869253187825756668e-01 3.966598040867360120e-01
4.018343275871792963e-01 3.675501364413657490e-01 1.000000000000000000e+00 3.776652567638859592e-01 4.110497729748918139e-01 6.493545136273223273e-01 3.969662446787793897e-01 3.590752622773332181e-01 2.032065114844971154e-01 3.822194732246713134e-01 4.398776439617899658e-01 4.247618322745403963e-01 5.489276036550616578e-01 4.780588868667224878e-01 3.631455198537033024e-01 5.414643647090089384e-01 5.461017994908616835e-01
3.283272559124853496e-01 5.500186350572116023e-01 3.776652567638859592e-01 1.000000000000000000e+00 3.158910641414705567e-01 2.551959520280437932e-01 6.784196591794990905e-01 4.637776251779378023e-01 2.312445196596304431e-01 3.765386369411885537e-01 4.174054350390307699e-01 3.796599964720873688e-01 4.062600413295200386e-01 4.956609658803273755e-01 5.030702206354761286e-01 4.505148046957147545e-01 4.295332774432399359e-01
6.283628471342771471e-01 6.157107228914282526e-01 4.110497729748918139e-01 3.158910641414705567e-01 1.000000000000000000e+00 7.610391525806011748e-01 4.772305691365489322e-01 5.175252554104596836e-01 3.022563353117037055e-01 4.271763435638509243e-01 4.022050100936034323e-01 7.050580319395162165e-01 4.458884742070839402e-01 3.714882029394940832e-01 4.761615945467878586e-01 3.648185910259782450e-01 3.099520167874772469e-01
4.860080304545031371e-01 4.354049504319296160e-01 6.493545136273223273e-01 2.551959520280437932e-01 7.610391525806011748e-01 1.000000000000000000e+00 4.846074382737919350e-01 5.110769130683923134e-01 1.526880099090915655e-01 3.589823811723725222e-01 3.342354677642382921e-01 5.712103530140107965e-01 4.251831274402002037e-01 3.700736586606793166e-01 2.882191445504058147e-01 3.403556855828810401e-01 3.660027239048332381e-01
2.759123396407713313e-01 4.561872240510287391e-01 3.969662446787793897e-01 6.784196591794990905e-01 4.772305691365489322e-01 4.846074382737919350e-01 1.000000000000000000e+00 7.202837459921371810e-01 3.015174310406908975e-01 3.563114560091377170e-01 2.795475898267023029e-01 4.838664598791957427e-01 3.074644798837178894e-01 3.355428046038981815e-01 2.979809343860316262e-01 2.304164321337718313e-01 2.718719280519633630e-01
3.601973326420576105e-01 3.600167802449072418e-01 3.590752622773332181e-01 4.637776251779378023e-01 5.175252554104596836e-01 5.110769130683923134e-01 7.202837459921371810e-01 1.000000000000000000e+00 2.887435834430872594e-01 4.724830738104891514e-01 3.613135472524245939e-01 6.454647178669404850e-01 6.076455891131364861e-01 4.548935005517160679e-01 3.343358720415525731e-01 4.443542052127628095e-01 4.775282201518773473e-01
1.936522709279339949e-01 2.352183941446941151e-01 2.032065114844971154e-01 2.312445196596304431e-01 3.022563353117037055e-01 1.526880099090915655e-01 3.015174310406908975e-01 2.887435834430872594e-01 1.000000000000000000e+00 1.762717720531765953e-01 1.304974490093336603e-01 2.014846867056639956e-01 2.530423287996778625e-01 3.249759210657279795e-01 4.818088378704180053e-01 2.852319893986050570e-01 3.270074718294201377e-01
4.728804738489595927e-01 3.444969366440686631e-01 3.822194732246713134e-01 3.765386369411885537e-01 4.271763435638509243e-01 3.589823811723725222e-01 3.563114560091377170e-01 4.724830738104891514e-01 1.762717720531765953e-01 1.000000000000000000e+00 2.709285389512389730e-01 4.354297756112291418e-01 6.033220733973588823e-01 4.368633640301574639e-01 3.341964185632343431e-01 5.785477724940371047e-01 5.839397270837144438e-01
4.652326252443104715e-01 6.250757449740220739e-01 4.398776439617899658e-01 4.174054350390307699e-01 4.022050100936034323e-01 3.342354677642382921e-01 2.795475898267023029e-01 3.613135472524245939e-01 1.304974490093336603e-01 2.709285389512389730e-01 1.000000000000000000e+00 4.719784314266480263e-01 5.830373565898410160e-01 4.321804956400379649e-01 5.155717068020466698e-01 6.306741693567915474e-01 4.173263362685306621e-01
2.950330638383045212e-01 4.078465668991953508e-01 4.247618322745403963e-01 3.796599964720873688e-01 7.050580319395162165e-01 5.712103530140107965e-01 4.838664598791957427e-01 6.454647178669404850e-01 2.014846867056639956e-01 4.354297756112291418e-01 4.719784314266480263e-01 1.000000000000000000e+00 6.577521269850165053e-01 3.325485605461027672e-01 3.146917418298549318e-01 4.262085621571213290e-01 3.477107607316021198e-01
4.324048922607366952e-01 3.883721053855936356e-01 5.489276036550616578e-01 4.062600413295200386e-01 4.458884742070839402e-01 4.251831274402002037e-01 3.074644798837178894e-01 6.076455891131364861e-01 2.530423287996778625e-01 6.033220733973588823e-01 5.830373565898410160e-01 6.577521269850165053e-01 1.000000000000000000e+00 6.559267324431223845e-01 4.855685635325235894e-01 7.631653868297695320e-01 7.361162987726616036e-01
4.233864442852581789e-01 4.757819781644608281e-01 4.780588868667224878e-01 4.956609658803273755e-01 3.714882029394940832e-01 3.700736586606793166e-01 3.355428046038981815e-01 4.548935005517160679e-01 3.249759210657279795e-01 4.368633640301574639e-01 4.321804956400379649e-01 3.325485605461027672e-01 6.559267324431223845e-01 1.000000000000000000e+00 7.242690404222240641e-01 7.506443657432215755e-01 8.654927864496576584e-01
5.156170213362261112e-01 6.584266257666679945e-01 3.631455198537033024e-01 5.030702206354761286e-01 4.761615945467878586e-01 2.882191445504058147e-01 2.979809343860316262e-01 3.343358720415525731e-01 4.818088378704180053e-01 3.341964185632343431e-01 5.155717068020466698e-01 3.146917418298549318e-01 4.855685635325235894e-01 7.242690404222240641e-01 1.000000000000000000e+00 6.892917609477541285e-01 6.094270269088086778e-01
4.883811076963106568e-01 4.869253187825756668e-01 5.414643647090089384e-01 4.505148046957147545e-01 3.648185910259782450e-01 3.403556855828810401e-01 2.304164321337718313e-01 4.443542052127628095e-01 2.852319893986050570e-01 5.785477724940371047e-01 6.306741693567915474e-01 4.262085621571213290e-01 7.631653868297695320e-01 7.506443657432215755e-01 6.892917609477541285e-01 1.000000000000000000e+00 8.163232234132324905e-01
4.520857486510788115e-01 3.966598040867360120e-01 5.461017994908616835e-01 4.295332774432399359e-01 3.099520167874772469e-01 3.660027239048332381e-01 2.718719280519633630e-01 4.775282201518773473e-01 3.270074718294201377e-01 5.839397270837144438e-01 4.173263362685306621e-01 3.477107607316021198e-01 7.361162987726616036e-01 8.654927864496576584e-01 6.094270269088086778e-01 8.163232234132324905e-01 1.000000000000000000e+00
