1.000000000000000000e+00 8.353929808053910389e-01 5.278549715741861492e-01 5.097371798846869195e-01 8.701858188182405307e-01 6.610712048758459192e-01 5.388168376197688403e-01 5.463954084412577794e-01 4.018349843146777900e-01 5.172577093078825072e-01 5.423792122394152093e-01 4.770221015843196799e-01 5.288405123283963505e-01 5.529611569138707106e-01 6.919252981303156691e-01 5.736410791449985114e-01 6.376359996137078712e-01
8.353929808053910389e-01 1.000000000000000000e+00 5.714450357095558486e-01 7.329713378352537001e-01 8.574335865034192761e-01 6.200991972796239260e-01 7.168054708578548428e-01 7.069279137885161601e-01 4.294187077801512320e-01 5.195150189957412623e-01 6.072504350429025477e-01 4.651680222513709939e-01 4.914508010790625825e-01 7.573734441393468186e-01 7.311831404586649485e-01 7.094112069416783628e-01 7.923441516637128590e-01
5.278549715741861492e-01 5.714450357095558486e-01 1.000000000000000000e+00 5.200187005293001041e-01 5.701391897689481736e-01 7.039598231071748646e-01 7.339817724232222673e-01 5.071137760436821296e-01 3.667924253499352250e-01 5.132265649393851215e-01 5.069539774093400064e-01 5.060622335455926546e-01 4.868942707096751699e-01 5.350545802791990546e-01 4.740304335587764428e-01 5.672733231651289065e-01 5.997965307604126162e-01
5.097371798846869195e-01 7.329713378352537001e-01 5.200187005293001041e-01 1.000000000000000000e+00 5.653701671299181664e-01 4.246441108477977955e-01 7.446972492156759271e-01 6.357340009190315389e-01 4.550637067918414380e-01 4.568884339415014151e-01 4.727173025131951589e-01 3.812807084837238625e-01 3.997550364772667897e-01 7.254760062914747953e-01 5.865400211632475491e-01 6.294976267413561200e-01 7.561009892892815998e-01
8.701858188182405307e-01 8.574335865034192761e-01 5.701391897689481736e-01 5.653701671299181664e-01 1.000000000000000000e+00 7.610295044101939022e-01 6.363649844844261327e-01 6.371555867128828599e-01 4.730710378519073500e-01 5.800784969324487284e-01 6.192583411184744424e-01 6.204347137235286525e-01 5.764921940615216345e-01 6.634592139026823654e-01 7.118774433400834045e-01 6.465042412696125895e-01 6.976714298679475013e-01
6.610712048758459192e-01 6.200991972796239260e-01 7.039598231071748646e-01 4.246441108477977955e-01 7.610295044101939022e-01 1.000000000000000000e+00 6.678286789692816638e-01 6.031962400817225678e-01 3.628440346059764177e-01 4.574996025139871358e-01 6.153510345738301135e-01 7.476598931831287542e-01 6.488708631188935261e-01 4.785696446098379186e-01 5.412531492269556654e-01 5.504389350951088833e-01 5.865788821762568661e-01
5.388168376197688403e-01 7.168054708578548428e-01 7.339817724232222673e-01 7.446972492156759271e-01 6.363649844844261327e-01 6.678286789692816638e-01 1.000000000000000000e+00 8.104591373772587204e-01 4.195578602859825756e-01 4.500495010919158823e-01 5.710435216496048128e-01 5.336960949066827942e-01 5.314567316289279253e-01 7.465414725386757544e-01 5.304743545141930028e-01 6.656179525516638940e-01 7.821788088283860851e-01
5.463954084412577794e-01 7.069279137885161601e-01 5.071137760436821296e-01 6.357340009190315389e-01 6.371555867128828599e-01 6.031962400817225678e-01 8.104591373772587204e-01 1.000000000000000000e+00 3.729899537514797525e-01 4.148389531458054891e-01 6.529447592812058776e-01 5.618975301819766344e-01 5.928615179214394848e-01 7.298398076479246654e-01 5.456643984894055111e-01 7.503774539869058069e-01 7.805222270060968581e-01
4.018349843146777900e-01 4.294187077801512320e-01 3.667924253499352250e-01 4.550637067918414380e-01 4.730710378519073500e-01 3.628440346059764177e-01 4.195578602859825756e-01 3.729899537514797525e-01 1.000000000000000000e+00 3.576330850989885568e-01 2.545558792263271086e-01 3.417824360786284044e-01 3.152858779211386575e-01 4.574460393812115888e-01 5.212642855698507161e-01 3.502832541318158799e-01 4.581902713233890756e-01
5.172577093078825072e-01 5.195150189957412623e-01 5.132265649393851215e-01 4.568884339415014151e-01 5.800784969324487284e-01 4.574996025139871358e-01 4.500495010919158823e-01 4.148389531458054891e-01 3.576330850989885568e-01 1.000000000000000000e+00 4.131895895121353024e-01 5.477384363936586009e-01 5.724098757705281537e-01 4.544167229840653244e-01 5.601854356231367182e-01 6.069274220139229126e-01 5.666042539867003347e-01
5.423792122394152093e-01 6.072504350429025477e-01 5.069539774093400064e-01 4.727173025131951589e-01 6.192583411184744424e-01 6.153510345738301135e-01 5.710435216496048128e-01 6.529447592812058776e-01 2.545558792263271086e-01 4.131895895121353024e-01 1.000000000000000000e+00 5.939844218626001426e-01 6.244238088490906557e-01 4.981409063243082413e-01 6.239494652033423794e-01 8.143608875272401182e-01 5.786981130228443515e-01
4.770221015843196799e-01 4.651680222513709939e-01 5.060622335455926546e-01 3.812807084837238625e-01 6.204347137235286525e-01 7.476598931831287542e-01 5.336960949066827942e-01 5.618975301819766344e-01 3.417824360786284044e-01 5.477384363936586009e-01 5.939844218626001426e-01 1.000000000000000000e+00 7.828598985209160865e-01 4.156466399939455214e-01 4.742413627988860680e-01 5.547919373978931201e-01 5.088349276283564704e-01
5.288405123283963505e-01 4.914508010790625825e-01 4.868942707096751699e-01 3.997550364772667897e-01 5.764921940615216345e-01 6.488708631188935261e-01 5.314567316289279253e-01 5.928615179214394848e-01 3.152858779211386575e-01 5.724098757705281537e-01 6.244238088490906557e-01 7.828598985209160865e-01 1.000000000000000000e+00 4.584001277473137570e-01 4.697075798269937930e-01 6.540096508854768009e-01 6.153729175578485089e-01
5.529611569138707106e-01 7.573734441393468186e-01 5.350545802791990546e-01 7.254760062914747953e-01 6.634592139026823654e-01 4.785696446098379186e-01 7.465414725386757544e-01 7.298398076479246654e-01 4.574460393812115888e-01 4.544167229840653244e-01 4.981409063243082413e-01 4.156466399939455214e-01 4.584001277473137570e-01 1.000000000000000000e+00 5.752705323462212750e-01 6.637680138927227746e-01 8.539400938796676277e-01
6.919252981303156691e-01 7.311831404586649485e-01 4.740304335587764428e-01 5.865400211632475491e-01 7.118774433400834045e-01 5.412531492269556654e-01 5.304743545141930028e-01 5.456643984894055111e-01 5.212642855698507161e-01 5.601854356231367182e-01 6.239494652033423794e-01 4.742413627988860680e-01 4.697075798269937930e-01 5.752705323462212750e-01 1.000000000000000000e+00 7.233457455751305387e-01 6.296409513034249006e-01
5.736410791449985114e-01 7.094112069416783628e-01 5.672733231651289065e-01 6.294976267413561200e-01 6.465042412696125895e-01 5.504389350951088833e-01 6.656179525516638940e-01 7.503774539869058069e-01 3.502832541318158799e-01 6.069274220139229126e-01 8.143608875272401182e-01 5.547919373978931201e-01 6.540096508854768009e-01 6.637680138927227746e-01 7.233457455751305387e-01 1.000000000000000000e+00 7.645581529480863781e-01
6.376359996137078712e-01 7.923441516637128590e-01 5.997965307604126162e-01 7.561009892892815998e-01 6.976714298679475013e-01 5.865788821762568661e-01 7.821788088283860851e-01 7.805222270060968581e-01 4.581902713233890756e-01 5.666042539867003347e-01 5.786981130228443515e-01 5.088349276283564704e-01 6.153729175578485089e-01 8.539400938796676277e-01 6.296409513034249006e-01 7.645581529480863781e-01 1.000000000000000000e+00
