1.000000000000000000e+00 7.792941298039537390e-01 2.695997797614246294e-01 3.810589382403898329e-01 5.970805405225120266e-01 2.655588512544420632e-01 3.545239836090932073e-01 3.804612933318278767e-01 1.550405536818090790e-01 3.286366333993042677e-01 3.593336262219934407e-01 8.166206003535327052e-02 2.088131410087932793e-01 3.895508993870842041e-01 3.819195917198526247e-01 1.693572347354239949e-01 3.575755668205392590e-01
7.792941298039537390e-01 1.000000000000000000e+00 2.957786661729461253e-01 3.626564573407290992e-01 6.619128169188399635e-01 2.866297767273905395e-01 4.075146409715368345e-01 3.203874985217999849e-01 1.015299165647893936e-01 3.570964005871172797e-01 4.080264174217827500e-01 1.794364100379072235e-01 1.511771876984273899e-01 4.244271122002756247e-01 4.576420942944378623e-01 1.870239753508490810e-01 2.909966160367440935e-01
2.695997797614246294e-01 2.957786661729461253e-01 1.000000000000000000e+00 5.238702159864221386e-01 4.862809919823548044e-01 7.604237908871747109e-01 7.026748123979253968e-01 4.024919606705912867e-01 7.602281154269074914e-02 1.184450915585501668e-01 3.678271318762573738e-01 5.006333384341167259e-01 3.959053957671995194e-01 2.742303271683280141e-01 1.207191101453934101e-01 2.234650934364630082e-01 2.639315558279449192e-01
3.810589382403898329e-01 3.626564573407290992e-01 5.238702159864221386e-01 1.000000000000000000e+00 4.141619965466341591e-01 4.118207691135761794e-01 7.290056743557318253e-01 3.117338616364671022e-01 9.889377806897507728e-02 3.835844614930128404e-01 1.512708639869978500e-01 3.397376138794891420e-01 2.542221994419122666e-01 5.621933214781597021e-01 2.490114953895883054e-01 2.776550315741351804e-01 2.900497819986679882e-01
5.970805405225120266e-01 6.619128169188399635e-01 4.862809919823548044e-01 4.141619965466341591e-01 1.000000000000000000e+00 6.900722742233469376e-01 5.683150603783454491e-01 4.476407855299347482e-01 1.911556841614422964e-01 3.504987249517922954e-01 5.437689016974410761e-01 5.578140977611955043e-01 3.917711855748902683e-01 3.309600711765297021e-01 5.470467371366501963e-01 3.475476728886189304e-01 3.506173753646113500e-01
2.655588512544420632e-01 2.866297767273905395e-01 7.604237908871747109e-01 4.118207691135761794e-01 6.900722742233469376e-01 1.000000000000000000e+00 6.919512016765109186e-01 5.334723564107206606e-01 5.087730454168636757e-02 1.405175704395641156e-01 5.185999477029910043e-01 6.841914490656391123e-01 4.952073803853256906e-01 1.320271777021019832e-01 2.712648831457088461e-01 2.810933224191737856e-01 3.011230446350197099e-01
3.545239836090932073e-01 4.075146409715368345e-01 7.026748123979253968e-01 7.290056743557318253e-01 5.683150603783454491e-01 6.919512016765109186e-01 1.000000000000000000e+00 5.600694150467367960e-01 3.391618055221303548e-03 1.892778175361162774e-01 3.378325257433749673e-01 4.749845956645006306e-01 2.277741638781418665e-01 3.888100946339055342e-01 1.334754347744080694e-01 1.411403769816703402e-01 2.262641404048827132e-01
3.804612933318278767e-01 3.203874985217999849e-01 4.024919606705912867e-01 3.117338616364671022e-01 4.476407855299347482e-01 5.334723564107206606e-01 5.600694150467367960e-01 1.000000000000000000e+00 -1.692739354242795910e-02 2.249097024845494175e-01 5.424149650486482788e-01 4.850990087438039056e-01 4.897116689480339180e-01 2.127770901924375124e-01 1.704135999923061806e-01 2.958650412596875445e-01 4.655435555574926054e-01
1.550405536818090790e-01 1.015299165647893936e-01 7.602281154269074914e-02 9.889377806897507728e-02 1.911556841614422964e-01 5.087730454168636757e-02 3.391618055221303548e-03 -1.692739354242795910e-02 1.000000000000000000e+00 2.926880003387698492e-01 1.684057466350183940e-01 2.893499318750393512e-02 3.823341709512239478e-02 2.433603039152491820e-01 3.158064477901244560e-01 2.142461843526132503e-01 2.457697208795343868e-01
3.286366333993042677e-01 3.570964005871172797e-01 1.184450915585501668e-01 3.835844614930128404e-01 3.504987249517922954e-01 1.405175704395641156e-01 1.892778175361162774e-01 2.249097024845494175e-01 2.926880003387698492e-01 1.000000000000000000e+00 1.749270188941112192e-01 2.762686624711904182e-01 2.760028664674435972e-01 4.164731411253234650e-01 5.897835497715379072e-01 4.436021037902100894e-01 5.408592968475406382e-01
3.593336262219934407e-01 4.080264174217827500e-01 3.678271318762573738e-01 1.512708639869978500e-01 5.437689016974410761e-01 5.185999477029910043e-01 3.378325257433749673e-01 5.424149650486482788e-01 1.684057466350183940e-01 1.749270188941112192e-01 1.000000000000000000e+00 5.164326775219059140e-01 5.019609527168920060e-01 1.197058451726161626e-01 4.149680306857565504e-01 5.502609888085756573e-01 4.171503140414976052e-01
8.166206003535327052e-02 1.794364100379072235e-01 5.006333384341167259e-01 3.397376138794891420e-01 5.578140977611955043e-01 6.841914490656391123e-01 4.749845956645006306e-01 4.850990087438039056e-01 2.893499318750393512e-02 2.762686624711904182e-01 5.164326775219059140e-01 1.000000000000000000e+00 6.759358889937530090e-01 1.498454234279800457e-01 3.814524050213241035e-01 4.413910127502690406e-01 3.424702372674478523e-01
2.088131410087932793e-01 1.511771876984273899e-01 3.959053957671995194e-01 2.542221994419122666e-01 3.917711855748902683e-01 4.952073803853256906e-01 2.277741638781418665e-01 4.897116689480339180e-01 3.823341709512239478e-02 2.760028664674435972e-01 5.019609527168920060e-01 6.759358889937530090e-01 1.000000000000000000e+00 1.013252970065896125e-01 3.303674046692471888e-01 6.105028728564831919e-01 5.377602425376787343e-01
3.895508993870842041e-01 4.244271122002756247e-01 2.742303271683280141e-01 5.621933214781597021e-01 3.309600711765297021e-01 1.320271777021019832e-01 3.888100946339055342e-01 2.127770901924375124e-01 2.433603039152491820e-01 4.164731411253234650e-01 1.197058451726161626e-01 1.498454234279800457e-01 1.013252970065896125e-01 1.000000000000000000e+00 2.504683303969661434e-01 2.444535588733506015e-01 4.391244091229909996e-01
3.819195917198526247e-01 4.576420942944378623e-01 1.207191101453934101e-01 2.490114953895883054e-01 5.470467371366501963e-01 2.712648831457088461e-01 1.334754347744080694e-01 1.704135999923061806e-01 3.158064477901244560e-01 5.897835497715379072e-01 4.149680306857565504e-01 3.814524050213241035e-01 3.303674046692471888e-01 2.504683303969661434e-01 1.000000000000000000e+00 5.530466155738320566e-01 4.533804851591971552e-01
1.693572347354239949e-01 1.870239753508490810e-01 2.234650934364630082e-01 2.776550315741351804e-01 3.475476728886189304e-01 2.810933224191737856e-01 1.411403769816703402e-01 2.958650412596875445e-01 2.142461843526132503e-01 4.436021037902100894e-01 5.502609888085756573e-01 4.413910127502690406e-01 6.105028728564831919e-01 2.444535588733506015e-01 5.530466155738320566e-01 1.000000000000000000e+00 6.554425394640812641e-01
3.575755668205392590e-01 2.909966160367440935e-01 2.639315558279449192e-01 2.900497819986679882e-01 3.506173753646113500e-01 3.011230446350197099e-01 2.262641404048827132e-01 4.655435555574926054e-01 2.457697208795343868e-01 5.408592968475406382e-01 4.171503140414976052e-01 3.424702372674478523e-01 5.377602425376787343e-01 4.391244091229909996e-01 4.533804851591971552e-01 6.554425394640812641e-01 1.000000000000000000e+00
