1.000000000000000000e+00 7.870309671866680956e-01 5.498221314956457384e-01 4.984000262203432952e-01 7.161739827543747161e-01 5.397925659555824485e-01 6.134299719204222567e-01 6.730775051305324386e-01 5.487452789039840573e-01 5.909325749289885410e-01 4.070369513564401909e-01 4.352720872204007274e-01 4.486324898309812514e-01 5.316948711134023009e-01 4.215169866745018257e-01 4.764009620479577878e-01 4.044991853273964266e-01
7.870309671866680956e-01 1.000000000000000000e+00 5.222725601916832217e-01 6.211653059023378720e-01 7.692107088848870733e-01 5.381256428612621878e-01 6.615131230990515254e-01 6.233627099352225809e-01 4.200195367370512800e-01 4.584809986666781301e-01 4.469318598717920699e-01 4.076508756006865797e-01 3.075094075440754637e-01 6.274075308418405328e-01 5.091073519034876593e-01 3.727602149312932989e-01 3.517083800595045551e-01
5.498221314956457384e-01 5.222725601916832217e-01 1.000000000000000000e+00 4.890104483550358760e-01 6.689560009731526646e-01 7.823662080101844163e-01 6.025528083254296785e-01 4.007509539335016302e-01 4.160049416416722878e-01 2.688212470802110454e-01 3.190851847370718697e-01 4.145764747821371055e-01 2.579387473868070546e-01 5.524836889139399521e-01 4.998652665883561719e-01 3.264197349660405978e-01 3.299354539103765971e-01
4.984000262203432952e-01 6.211653059023378720e-01 4.890104483550358760e-01 1.000000000000000000e+00 5.361737568691493649e-01 4.902447007008780555e-01 7.627338672813613885e-01 4.908235217673755924e-01 2.969319923753647172e-01 4.265819279096342842e-01 2.066019087948084143e-01 2.832775297733997610e-01 2.123565751496825915e-01 6.039623360745431935e-01 2.994048110844197974e-01 2.292811948358367824e-01 3.743691902485600242e-01
7.161739827543747161e-01 7.692107088848870733e-01 6.689560009731526646e-01 5.361737568691493649e-01 1.000000000000000000e+00 8.114074123248719017e-01 6.373524055566540669e-01 5.483234458103656284e-01 3.922380353745821280e-01 4.207544543367820467e-01 5.838071915888359831e-01 5.561817177116930022e-01 3.200219238082827045e-01 5.720379040292249417e-01 5.834489937322963060e-01 3.868395027121912522e-01 2.828665754989268533e-01
5.397925659555824485e-01 5.381256428612621878e-01 7.823662080101844163e-01 4.902447007008780555e-01 8.114074123248719017e-01 1.000000000000000000e+00 6.638401194778352776e-01 4.771314346501334125e-01 3.413245712068589399e-01 3.517400724423672131e-01 4.232112114078954712e-01 5.513786463369749757e-01 2.304831253433254901e-01 4.594383295192627781e-01 5.076284724740106613e-01 3.335730482462984092e-01 2.787181076264999002e-01
6.134299719204222567e-01 6.615131230990515254e-01 6.025528083254296785e-01 7.627338672813613885e-01 6.373524055566540669e-01 6.638401194778352776e-01 1.000000000000000000e+00 6.769794580211740964e-01 3.708551592702224453e-01 4.307484183011827117e-01 3.704358195638490781e-01 4.750609657275137176e-01 2.249165815439463367e-01 5.151209398163646425e-01 4.055275711112810710e-01 3.101268437892419905e-01 2.522267922561768350e-01
6.730775051305324386e-01 6.233627099352225809e-01 4.007509539335016302e-01 4.908235217673755924e-01 5.483234458103656284e-01 4.771314346501334125e-01 6.769794580211740964e-01 1.000000000000000000e+00 3.230027934567901715e-01 5.366686247573083657e-01 4.336898915240939290e-01 6.284765544416228700e-01 4.997890913212735264e-01 4.920357786703553615e-01 3.890295327948413151e-01 5.353211785604944373e-01 3.645214273384409509e-01
5.487452789039840573e-01 4.200195367370512800e-01 4.160049416416722878e-01 2.969319923753647172e-01 3.922380353745821280e-01 3.413245712068589399e-01 3.708551592702224453e-01 3.230027934567901715e-01 1.000000000000000000e+00 6.057913232689238203e-01 1.627097443383005437e-01 2.119453407233898856e-01 2.825359197040401282e-01 4.452008038805636003e-01 3.135719107658287430e-01 3.753549137752454912e-01 4.952968884765344693e-01
5.909325749289885410e-01 4.584809986666781301e-01 2.688212470802110454e-01 4.265819279096342842e-01 4.207544543367820467e-01 3.517400724423672131e-01 4.307484183011827117e-01 5.366686247573083657e-01 6.057913232689238203e-01 1.000000000000000000e+00 2.485349561833428422e-01 4.160504522572868735e-01 4.482837485559670876e-01 5.053438087435653259e-01 3.307392694068780892e-01 5.065911152926950711e-01 5.931981307787185242e-01
4.070369513564401909e-01 4.469318598717920699e-01 3.190851847370718697e-01 2.066019087948084143e-01 5.838071915888359831e-01 4.232112114078954712e-01 3.704358195638490781e-01 4.336898915240939290e-01 1.627097443383005437e-01 2.485349561833428422e-01 1.000000000000000000e+00 5.683938797505824203e-01 4.455528537519372612e-01 3.207959083871790851e-01 5.479812997708030098e-01 6.360801951126706655e-01 1.786003329466474832e-01
4.352720872204007274e-01 4.076508756006865797e-01 4.145764747821371055e-01 2.832775297733997610e-01 5.561817177116930022e-01 5.513786463369749757e-01 4.750609657275137176e-01 6.284765544416228700e-01 2.119453407233898856e-01 4.160504522572868735e-01 5.683938797505824203e-01 1.000000000000000000e+00 6.289950608636268869e-01 4.745351777126613491e-01 5.496692691062078362e-01 5.663400511810655624e-01 3.563001131746212358e-01
4.486324898309812514e-01 3.075094075440754637e-01 2.579387473868070546e-01 2.123565751496825915e-01 3.200219238082827045e-01 2.304831253433254901e-01 2.249165815439463367e-01 4.997890913212735264e-01 2.825359197040401282e-01 4.482837485559670876e-01 4.455528537519372612e-01 6.289950608636268869e-01 1.000000000000000000e+00 5.202385964210138880e-01 3.555469096431734255e-01 6.308746369527417075e-01 5.943903096164359079e-01
5.316948711134023009e-01 6.274075308418405328e-01 5.524836889139399521e-01 6.039623360745431935e-01 5.720379040292249417e-01 4.594383295192627781e-01 5.151209398163646425e-01 4.920357786703553615e-01 4.452008038805636003e-01 5.053438087435653259e-01 3.207959083871790851e-01 4.745351777126613491e-01 5.202385964210138880e-01 1.000000000000000000e+00 4.555649740612213727e-01 4.742459189471142089e-01 7.194535781135349417e-01
4.215169866745018257e-01 5.091073519034876593e-01 4.998652665883561719e-01 2.994048110844197974e-01 5.834489937322963060e-01 5.076284724740106613e-01 4.055275711112810710e-01 3.890295327948413151e-01 3.135719107658287430e-01 3.307392694068780892e-01 5.479812997708030098e-01 5.496692691062078362e-01 3.555469096431734255e-01 4.555649740612213727e-01 1.000000000000000000e+00 5.624367772877650884e-01 2.810784370737771654e-01
4.764009620479577878e-01 3.727602149312932989e-01 3.264197349660405978e-01 2.292811948358367824e-01 3.868395027121912522e-01 3.335730482462984092e-01 3.101268437892419905e-01 5.353211785604944373e-01 3.753549137752454912e-01 5.065911152926950711e-01 6.360801951126706655e-01 5.663400511810655624e-01 6.308746369527417075e-01 4.742459189471142089e-01 5.624367772877650884e-01 1.000000000000000000e+00 6.116915463759873273e-01
4.044991853273964266e-01 3.517083800595045551e-01 3.299354539103765971e-01 3.743691902485600242e-01 2.828665754989268533e-01 2.787181076264999002e-01 2.522267922561768350e-01 3.645214273384409509e-01 4.952968884765344693e-01 5.931981307787185242e-01 1.786003329466474832e-01 3.563001131746212358e-01 5.943903096164359079e-01 7.194535781135349417e-01 2.810784370737771654e-01 6.116915463759873273e-01 1.000000000000000000e+00
