1.000000000000000000e+00 7.974664659941870237e-01 6.806247829210441136e-01 5.824917193009356842e-01 8.986063878801567872e-01 8.291906100325123763e-01 6.188726952254645086e-01 4.736622050282568441e-01 6.370300931616653672e-01 7.242390583715778707e-01 7.416046227126090740e-01 7.570467109980760778e-01 7.031665047578866679e-01 6.760727062964009271e-01 7.662492572201493601e-01 6.576091277240052602e-01 6.502959035593046666e-01
7.974664659941870237e-01 1.000000000000000000e+00 7.993736549033823025e-01 6.822577675728144220e-01 7.612127219364790420e-01 8.626607000306233397e-01 7.256884320427686719e-01 7.014848631237440291e-01 5.031974920855616373e-01 7.562980399994942982e-01 8.387523126281024588e-01 7.893337294882245558e-01 7.916319130809139626e-01 7.544761607378959178e-01 8.766728111992322381e-01 7.933406758534934378e-01 7.537289532400139880e-01
6.806247829210441136e-01 7.993736549033823025e-01 1.000000000000000000e+00 7.497536270632152444e-01 6.694828081887120863e-01 8.995049117635148805e-01 8.092750046665954100e-01 7.175476870452262013e-01 4.717634046187505481e-01 6.765199912449438857e-01 8.380080149380479959e-01 6.924145291914565181e-01 6.924705912846174094e-01 7.289157805007512314e-01 7.272051778481363193e-01 7.182880014134663815e-01 6.733199998732214420e-01
5.824917193009356842e-01 6.822577675728144220e-01 7.497536270632152444e-01 1.000000000000000000e+00 5.231135618904455553e-01 7.112837989339877431e-01 9.379035838020380877e-01 8.229156646758275517e-01 4.532632547501242448e-01 6.792255889254584789e-01 6.838923163391140703e-01 6.127536292982279642e-01 5.895692371780950625e-01 8.612571687168436574e-01 6.515825863848290211e-01 7.587185050402223130e-01 7.862050710014290011e-01
8.986063878801567872e-01 7.612127219364790420e-01 6.694828081887120863e-01 5.231135618904455553e-01 1.000000000000000000e+00 8.429481177869264652e-01 5.662760629723329053e-01 4.204738920272397817e-01 6.464631730186256586e-01 7.134674293220645280e-01 7.597532016301007385e-01 8.444728337989909628e-01 7.475025335175433661e-01 6.670536664677075844e-01 7.907199412013311557e-01 6.993781838721393473e-01 6.820485195878582818e-01
8.291906100325123763e-01 8.626607000306233397e-01 8.995049117635148805e-01 7.112837989339877431e-01 8.429481177869264652e-01 1.000000000000000000e+00 7.765527908037863636e-01 6.604073281676630103e-01 5.257775295883938549e-01 7.564761214152675439e-01 8.695618564004422568e-01 8.236105632136501153e-01 7.836001570853774467e-01 7.660704993412535968e-01 8.175989574627241518e-01 7.882531148244260599e-01 7.365033472826125749e-01
6.188726952254645086e-01 7.256884320427686719e-01 8.092750046665954100e-01 9.379035838020380877e-01 5.662760629723329053e-01 7.765527908037863636e-01 1.000000000000000000e+00 8.801358383635560223e-01 4.519745559200541440e-01 6.687733572385766712e-01 7.589700070260104736e-01 6.483852447101523531e-01 6.086073201471998706e-01 8.194470364261218220e-01 6.694610125969822079e-01 7.411866446527826113e-01 7.556679212669754619e-01
4.736622050282568441e-01 7.014848631237440291e-01 7.175476870452262013e-01 8.229156646758275517e-01 4.204738920272397817e-01 6.604073281676630103e-01 8.801358383635560223e-01 1.000000000000000000e+00 2.893967739211441570e-01 5.800001847003141142e-01 7.526093852344705182e-01 5.925140017073348142e-01 6.280299610979566127e-01 7.685476941308647669e-01 6.007371559878227352e-01 7.261290951167033159e-01 7.424992345118520687e-01
6.370300931616653672e-01 5.031974920855616373e-01 4.717634046187505481e-01 4.532632547501242448e-01 6.464631730186256586e-01 5.257775295883938549e-01 4.519745559200541440e-01 2.893967739211441570e-01 1.000000000000000000e+00 6.558911857547775615e-01 4.929748750265411372e-01 5.555439783601509030e-01 5.132453435690478294e-01 5.314901193058347850e-01 5.729392953499709007e-01 4.762156589337517287e-01 5.401845726099377965e-01
7.242390583715778707e-01 7.562980399994942982e-01 6.765199912449438857e-01 6.792255889254584789e-01 7.134674293220645280e-01 7.564761214152675439e-01 6.687733572385766712e-01 5.800001847003141142e-01 6.558911857547775615e-01 1.000000000000000000e+00 6.482470920810238235e-01 7.633023769237323730e-01 7.897617135275062372e-01 7.447678137583706448e-01 7.771612016022199088e-01 8.230566800544895090e-01 8.233369656400288950e-01
7.416046227126090740e-01 8.387523126281024588e-01 8.380080149380479959e-01 6.838923163391140703e-01 7.597532016301007385e-01 8.695618564004422568e-01 7.589700070260104736e-01 7.526093852344705182e-01 4.929748750265411372e-01 6.482470920810238235e-01 1.000000000000000000e+00 7.280881688973159793e-01 7.190626070822074833e-01 7.366085833349043099e-01 7.748432249455562415e-01 7.471810003583518878e-01 6.880226433767011596e-01
7.570467109980760778e-01 7.893337294882245558e-01 6.924145291914565181e-01 6.127536292982279642e-01 8.444728337989909628e-01 8.236105632136501153e-01 6.483852447101523531e-01 5.925140017073348142e-01 5.555439783601509030e-01 7.633023769237323730e-01 7.280881688973159793e-01 1.000000000000000000e+00 8.588949779270139695e-01 7.400462087861010563e-01 7.451324141831698888e-01 7.871742107940076227e-01 8.122971127430648197e-01
7.031665047578866679e-01 7.916319130809139626e-01 6.924705912846174094e-01 5.895692371780950625e-01 7.475025335175433661e-01 7.836001570853774467e-01 6.086073201471998706e-01 6.280299610979566127e-01 5.132453435690478294e-01 7.897617135275062372e-01 7.190626070822074833e-01 8.588949779270139695e-01 1.000000000000000000e+00 7.108250416308788955e-01 7.669059587196903616e-01 8.364684190261083563e-01 8.156687666445103790e-01
6.760727062964009271e-01 7.544761607378959178e-01 7.289157805007512314e-01 8.612571687168436574e-01 6.670536664677075844e-01 7.660704993412535968e-01 8.194470364261218220e-01 7.685476941308647669e-01 5.314901193058347850e-01 7.447678137583706448e-01 7.366085833349043099e-01 7.400462087861010563e-01 7.108250416308788955e-01 1.000000000000000000e+00 7.295104900184525842e-01 7.991158247577763163e-01 8.677590658555779379e-01
7.662492572201493601e-01 8.766728111992322381e-01 7.272051778481363193e-01 6.515825863848290211e-01 7.907199412013311557e-01 8.175989574627241518e-01 6.694610125969822079e-01 6.007371559878227352e-01 5.729392953499709007e-01 7.771612016022199088e-01 7.748432249455562415e-01 7.451324141831698888e-01 7.669059587196903616e-01 7.295104900184525842e-01 1.000000000000000000e+00 8.613091558438633610e-01 7.808361701162103152e-01
6.576091277240052602e-01 7.933406758534934378e-01 7.182880014134663815e-01 7.587185050402223130e-01 6.993781838721393473e-01 7.882531148244260599e-01 7.411866446527826113e-01 7.261290951167033159e-01 4.762156589337517287e-01 8.230566800544895090e-01 7.471810003583518878e-01 7.871742107940076227e-01 8.364684190261083563e-01 7.991158247577763163e-01 8.613091558438633610e-01 1.000000000000000000e+00 8.914041315002404486e-01
6.502959035593046666e-01 7.537289532400139880e-01 6.733199998732214420e-01 7.862050710014290011e-01 6.820485195878582818e-01 7.365033472826125749e-01 7.556679212669754619e-01 7.424992345118520687e-01 5.401845726099377965e-01 8.233369656400288950e-01 6.880226433767011596e-01 8.122971127430648197e-01 8.156687666445103790e-01 8.677590658555779379e-01 7.808361701162103152e-01 8.914041315002404486e-01 1.000000000000000000e+00
