1.000000000000000000e+00 8.932733439982118995e-01 6.959096452754756079e-01 6.400022282375640303e-01 8.576530195532183765e-01 7.032304086963054868e-01 6.804632382959664438e-01 6.413406923144034932e-01 1.773744281756390317e-01 4.228657078487103038e-01 7.538137633399280002e-01 5.905885813773480431e-01 5.047042782076210932e-01 6.395798681544264674e-01 5.473724821227622384e-01 4.701287028739514207e-01 5.357675881930064055e-01
8.932733439982118995e-01 1.000000000000000000e+00 6.009072288035397502e-01 6.627965473937249552e-01 8.444002924650337860e-01 6.740036215220598370e-01 7.092030853612383279e-01 6.800799672847522848e-01 9.969037905240975272e-02 3.142593823785168050e-01 8.078157660438078924e-01 5.989564297089270406e-01 4.157833882061142683e-01 6.221702703475461282e-01 5.532705420127297380e-01 4.025198451585890735e-01 4.494172239861597973e-01
6.959096452754756079e-01 6.009072288035397502e-01 1.000000000000000000e+00 6.042033349032830403e-01 6.560693547922820112e-01 8.070064577015398921e-01 7.112646764348906636e-01 6.211924062915172851e-01 1.983513506696482631e-01 4.775075848880532825e-01 6.876773529985362732e-01 5.761348196277060740e-01 5.290038242346662978e-01 5.193095482912354344e-01 4.441875291506923173e-01 5.391403406218524541e-01 5.156230655963132126e-01
6.400022282375640303e-01 6.627965473937249552e-01 6.042033349032830403e-01 1.000000000000000000e+00 5.818708917851365126e-01 6.200008877986706857e-01 8.353294593853078931e-01 7.720021791899485120e-01 2.184379561428048677e-01 3.841963558080971342e-01 6.270361458352712303e-01 6.224380077984891235e-01 4.740620702156530530e-01 7.383129705049674696e-01 4.714219995679583830e-01 5.311522400475832129e-01 6.134043135927268464e-01
8.576530195532183765e-01 8.444002924650337860e-01 6.560693547922820112e-01 5.818708917851365126e-01 1.000000000000000000e+00 8.117399657951146486e-01 6.755742766650252307e-01 6.295960980954488084e-01 1.133554445698866514e-01 4.103081747169572413e-01 8.081045964885099631e-01 7.195020915040178933e-01 5.291420776031213746e-01 5.187214914967915869e-01 5.913593566765840137e-01 4.293396554860879344e-01 4.274881337175912566e-01
7.032304086963054868e-01 6.740036215220598370e-01 8.070064577015398921e-01 6.200008877986706857e-01 8.117399657951146486e-01 1.000000000000000000e+00 7.712609407332818856e-01 6.927612898586993362e-01 1.173457663453929961e-01 4.454166494361815332e-01 7.283551028864062582e-01 7.324737067290362225e-01 6.079307239296906085e-01 4.931573601738579171e-01 4.647989777722972837e-01 5.200639975956663497e-01 4.772917838545197022e-01
6.804632382959664438e-01 7.092030853612383279e-01 7.112646764348906636e-01 8.353294593853078931e-01 6.755742766650252307e-01 7.712609407332818856e-01 1.000000000000000000e+00 8.857736708273020731e-01 1.663202395530194166e-01 3.791199933056163540e-01 6.989398311217376314e-01 6.801372332084579808e-01 4.931147422282859960e-01 6.921288236668649008e-01 3.570511137274677838e-01 4.631541294210980153e-01 5.828771511320278709e-01
6.413406923144034932e-01 6.800799672847522848e-01 6.211924062915172851e-01 7.720021791899485120e-01 6.295960980954488084e-01 6.927612898586993362e-01 8.857736708273020731e-01 1.000000000000000000e+00 1.521526473000813784e-01 4.391126499393153693e-01 7.076748917785092852e-01 6.797379853762159918e-01 5.357408299124728490e-01 6.294504698713447866e-01 3.616867918543269500e-01 5.203755319511327304e-01 6.066753707595610168e-01
1.773744281756390317e-01 9.969037905240975272e-02 1.983513506696482631e-01 2.184379561428048677e-01 1.133554445698866514e-01 1.173457663453929961e-01 1.663202395530194166e-01 1.521526473000813784e-01 1.000000000000000000e+00 3.059147227252817514e-01 4.834170861618434373e-02 4.753750314630887652e-02 9.715884047665417078e-02 3.809100871556028722e-01 2.899344252365460561e-01 2.342399614978575573e-01 4.293743580329200671e-01
4.228657078487103038e-01 3.142593823785168050e-01 4.775075848880532825e-01 3.841963558080971342e-01 4.103081747169572413e-01 4.454166494361815332e-01 3.791199933056163540e-01 4.391126499393153693e-01 3.059147227252817514e-01 1.000000000000000000e+00 3.316452459293231514e-01 4.780599594029957822e-01 5.893207014425521084e-01 3.498119999106238942e-01 4.664695779532683773e-01 6.532097920375914413e-01 5.424473982846353959e-01
7.538137633399280002e-01 8.078157660438078924e-01 6.876773529985362732e-01 6.270361458352712303e-01 8.081045964885099631e-01 7.283551028864062582e-01 6.989398311217376314e-01 7.076748917785092852e-01 4.834170861618434373e-02 3.316452459293231514e-01 1.000000000000000000e+00 7.346723242952822863e-01 5.525101128919450710e-01 5.254343784608984658e-01 6.387713994729063982e-01 5.492292269748566547e-01 4.350405386371813399e-01
5.905885813773480431e-01 5.989564297089270406e-01 5.761348196277060740e-01 6.224380077984891235e-01 7.195020915040178933e-01 7.324737067290362225e-01 6.801372332084579808e-01 6.797379853762159918e-01 4.753750314630887652e-02 4.780599594029957822e-01 7.346723242952822863e-01 1.000000000000000000e+00 7.841009319439360414e-01 4.164093003626923584e-01 5.835028021063197734e-01 5.555214766176006513e-01 4.687376635870136865e-01
5.047042782076210932e-01 4.157833882061142683e-01 5.290038242346662978e-01 4.740620702156530530e-01 5.291420776031213746e-01 6.079307239296906085e-01 4.931147422282859960e-01 5.357408299124728490e-01 9.715884047665417078e-02 5.893207014425521084e-01 5.525101128919450710e-01 7.841009319439360414e-01 1.000000000000000000e+00 4.110060845908601324e-01 5.293265315975450580e-01 7.119625872046047022e-01 6.230418180002765816e-01
6.395798681544264674e-01 6.221702703475461282e-01 5.193095482912354344e-01 7.383129705049674696e-01 5.187214914967915869e-01 4.931573601738579171e-01 6.921288236668649008e-01 6.294504698713447866e-01 3.809100871556028722e-01 3.498119999106238942e-01 5.254343784608984658e-01 4.164093003626923584e-01 4.110060845908601324e-01 1.000000000000000000e+00 4.967501315734091927e-01 5.351103679237924071e-01 8.016420384933404808e-01
5.473724821227622384e-01 5.532705420127297380e-01 4.441875291506923173e-01 4.714219995679583830e-01 5.913593566765840137e-01 4.647989777722972837e-01 3.570511137274677838e-01 3.616867918543269500e-01 2.899344252365460561e-01 4.664695779532683773e-01 6.387713994729063982e-01 5.835028021063197734e-01 5.293265315975450580e-01 4.967501315734091927e-01 1.000000000000000000e+00 6.901139745243868306e-01 4.994139315841876203e-01
4.701287028739514207e-01 4.025198451585890735e-01 5.391403406218524541e-01 5.311522400475832129e-01 4.293396554860879344e-01 5.200639975956663497e-01 4.631541294210980153e-01 5.203755319511327304e-01 2.342399614978575573e-01 6.532097920375914413e-01 5.492292269748566547e-01 5.555214766176006513e-01 7.119625872046047022e-01 5.351103679237924071e-01 6.901139745243868306e-01 1.000000000000000000e+00 7.189778390121147611e-01
5.357675881930064055e-01 4.494172239861597973e-01 5.156230655963132126e-01 6.134043135927268464e-01 4.274881337175912566e-01 4.772917838545197022e-01 5.828771511320278709e-01 6.066753707595610168e-01 4.293743580329200671e-01 5.424473982846353959e-01 4.350405386371813399e-01 4.687376635870136865e-01 6.230418180002765816e-01 8.016420384933404808e-01 4.994139315841876203e-01 7.189778390121147611e-01 1.000000000000000000e+00
