1.000000000000000000e+00 8.270535016298561359e-01 4.542469527403417140e-01 3.933180055286868426e-01 8.088478020324816331e-01 6.046670458355130062e-01 4.041357561873638038e-01 6.150611180692068247e-01 1.336899406652777289e-01 2.928673296552056216e-01 6.999828507879268802e-01 6.007599522825805005e-01 5.520664624173295953e-01 3.592256284249804033e-01 6.582169697393558394e-01 3.853912524015211116e-01 2.911024993136813177e-01
8.270535016298561359e-01 1.000000000000000000e+00 3.427116069114190533e-01 2.968717219680662711e-01 7.684909388524245877e-01 5.629019060543786201e-01 3.353956890210016417e-01 5.470363512766281966e-01 4.776636154845236015e-02 1.660926836766540016e-01 7.296013911311587385e-01 5.522632970533246644e-01 4.623407800095762910e-01 2.740031613347609363e-01 6.511155064218027144e-01 3.436944249352422154e-01 2.231504460312055405e-01
4.542469527403417140e-01 3.427116069114190533e-01 1.000000000000000000e+00 6.596604905196233881e-01 5.733123186202165877e-01 7.528229214622748078e-01 8.182258349269019293e-01 6.295260654006544776e-01 3.724336111023310858e-01 3.949018288822933598e-01 4.032013517683661341e-01 5.089299063226989661e-01 3.529370210225313276e-01 6.357308884937298288e-01 5.457172019485142522e-01 5.091050510090211478e-01 4.879227678563019532e-01
3.933180055286868426e-01 2.968717219680662711e-01 6.596604905196233881e-01 1.000000000000000000e+00 4.732059721744665826e-01 5.804871651412666367e-01 8.221301881758013019e-01 7.082533324567761301e-01 3.271859156626396592e-01 4.070054740901154489e-01 3.827830463580825238e-01 5.908456200329550434e-01 5.132963506121014374e-01 7.420458475355976580e-01 5.573784404100498024e-01 5.500518322373295632e-01 5.427771618241159501e-01
8.088478020324816331e-01 7.684909388524245877e-01 5.733123186202165877e-01 4.732059721744665826e-01 1.000000000000000000e+00 7.713703278943478958e-01 5.549349700865588986e-01 6.850361847857636688e-01 2.599398121914274773e-01 3.447836546256332624e-01 7.649801141193518506e-01 7.519948012358451672e-01 5.096672638186297011e-01 5.355124844294896214e-01 8.092302493863420265e-01 5.563110112902681648e-01 3.940848938247120126e-01
6.046670458355130062e-01 5.629019060543786201e-01 7.528229214622748078e-01 5.804871651412666367e-01 7.713703278943478958e-01 1.000000000000000000e+00 7.896447176623287989e-01 7.803492720789513282e-01 2.718914343592399030e-01 2.456563558784645440e-01 7.162750889790866493e-01 7.166990474264484101e-01 4.042510350488825455e-01 5.474530152737434596e-01 6.376551517962323334e-01 4.205136156922437141e-01 2.816845241726466109e-01
4.041357561873638038e-01 3.353956890210016417e-01 8.182258349269019293e-01 8.221301881758013019e-01 5.549349700865588986e-01 7.896447176623287989e-01 1.000000000000000000e+00 7.739837997408114401e-01 3.250986490657086780e-01 2.854612223934281379e-01 4.740164712296890959e-01 5.660276888527447925e-01 3.216993839948180667e-01 6.685118664724349902e-01 5.644192092302950936e-01 4.377486559202833361e-01 3.889963278719512640e-01
6.150611180692068247e-01 5.470363512766281966e-01 6.295260654006544776e-01 7.082533324567761301e-01 6.850361847857636688e-01 7.803492720789513282e-01 7.739837997408114401e-01 1.000000000000000000e+00 2.792129426153725502e-01 3.309750299834361420e-01 7.159930636524817205e-01 7.324036006165096646e-01 5.994827223873626654e-01 5.923992115860791108e-01 6.108721129481514689e-01 5.125688520099601631e-01 3.998556366770267823e-01
1.336899406652777289e-01 4.776636154845236015e-02 3.724336111023310858e-01 3.271859156626396592e-01 2.599398121914274773e-01 2.718914343592399030e-01 3.250986490657086780e-01 2.792129426153725502e-01 1.000000000000000000e+00 5.711517873683686908e-01 6.035656385692687170e-02 3.655252196175159396e-01 3.493312199483417646e-01 4.721661221680630294e-01 2.813555801328754269e-01 4.297556020759841777e-01 6.012949645267703369e-01
2.928673296552056216e-01 1.660926836766540016e-01 3.949018288822933598e-01 4.070054740901154489e-01 3.447836546256332624e-01 2.456563558784645440e-01 2.854612223934281379e-01 3.309750299834361420e-01 5.711517873683686908e-01 1.000000000000000000e+00 1.400774384336573031e-01 4.772139147400852321e-01 5.607842591610368022e-01 4.347807530497995177e-01 3.787974244594605189e-01 5.951715669473800485e-01 7.035805568697947043e-01
6.999828507879268802e-01 7.296013911311587385e-01 4.032013517683661341e-01 3.827830463580825238e-01 7.649801141193518506e-01 7.162750889790866493e-01 4.740164712296890959e-01 7.159930636524817205e-01 6.035656385692687170e-02 1.400774384336573031e-01 1.000000000000000000e+00 6.785708552747751199e-01 4.786584075990644171e-01 3.820388445188439008e-01 6.522929023368185808e-01 4.408838298435547309e-01 1.888492706954154887e-01
6.007599522825805005e-01 5.522632970533246644e-01 5.089299063226989661e-01 5.908456200329550434e-01 7.519948012358451672e-01 7.166990474264484101e-01 5.660276888527447925e-01 7.324036006165096646e-01 3.655252196175159396e-01 4.772139147400852321e-01 6.785708552747751199e-01 1.000000000000000000e+00 7.200350752011782651e-01 5.727788403398283990e-01 6.642814789587295765e-01 6.754749682718713677e-01 4.968358717170978101e-01
5.520664624173295953e-01 4.623407800095762910e-01 3.529370210225313276e-01 5.132963506121014374e-01 5.096672638186297011e-01 4.042510350488825455e-01 3.216993839948180667e-01 5.994827223873626654e-01 3.493312199483417646e-01 5.607842591610368022e-01 4.786584075990644171e-01 7.200350752011782651e-01 1.000000000000000000e+00 5.120312092861263320e-01 4.166687723509802099e-01 6.221014046297386191e-01 6.347524122542610447e-01
3.592256284249804033e-01 2.740031613347609363e-01 6.357308884937298288e-01 7.420458475355976580e-01 5.355124844294896214e-01 5.474530152737434596e-01 6.685118664724349902e-01 5.923992115860791108e-01 4.721661221680630294e-01 4.347807530497995177e-01 3.820388445188439008e-01 5.727788403398283990e-01 5.120312092861263320e-01 1.000000000000000000e+00 5.777280886549597261e-01 6.655772584353925048e-01 7.424904724945545764e-01
6.582169697393558394e-01 6.511155064218027144e-01 5.457172019485142522e-01 5.573784404100498024e-01 8.092302493863420265e-01 6.376551517962323334e-01 5.644192092302950936e-01 6.108721129481514689e-01 2.813555801328754269e-01 3.787974244594605189e-01 6.522929023368185808e-01 6.642814789587295765e-01 4.166687723509802099e-01 5.777280886549597261e-01 1.000000000000000000e+00 6.632030203980578964e-01 4.666653067159161616e-01
3.853912524015211116e-01 3.436944249352422154e-01 5.091050510090211478e-01 5.500518322373295632e-01 5.563110112902681648e-01 4.205136156922437141e-01 4.377486559202833361e-01 5.125688520099601631e-01 4.297556020759841777e-01 5.951715669473800485e-01 4.408838298435547309e-01 6.754749682718713677e-01 6.221014046297386191e-01 6.655772584353925048e-01 6.632030203980578964e-01 1.000000000000000000e+00 7.820909741205929189e-01
2.911024993136813177e-01 2.231504460312055405e-01 4.879227678563019532e-01 5.427771618241159501e-01 3.940848938247120126e-01 2.816845241726466109e-01 3.889963278719512640e-01 3.998556366770267823e-01 6.012949645267703369e-01 7.035805568697947043e-01 1.888492706954154887e-01 4.968358717170978101e-01 6.347524122542610447e-01 7.424904724945545764e-01 4.666653067159161616e-01 7.820909741205929189e-01 1.000000000000000000e+00
