1.000000000000000000e+00 7.010296965150306647e-01 6.520416723695294792e-01 6.555203183109825638e-01 7.418775093034812862e-01 5.836950258195061636e-01 6.347101982193783520e-01 5.070455327591985029e-01 4.122842176166671146e-01 3.357979253560292032e-01 3.892453574566521746e-01 4.458571779764953225e-01 4.168103951906688143e-01 6.440050256806972850e-01 4.285809457744788054e-01 3.073697388441188894e-01 3.376213879826195918e-01
7.010296965150306647e-01 1.000000000000000000e+00 4.665277104338185765e-01 5.635677608034904695e-01 6.405456409379148841e-01 4.177298958309517141e-01 5.387760855590916220e-01 4.562097478040952336e-01 3.052882005504547469e-01 3.648295107847711605e-01 4.148381195075460104e-01 4.783229092618765388e-01 3.837392783153386611e-01 5.869797262726078602e-01 5.234969694660002171e-01 3.983085369151455057e-01 3.749645122248725926e-01
6.520416723695294792e-01 4.665277104338185765e-01 1.000000000000000000e+00 6.365396128456264346e-01 6.350508107075509834e-01 7.767183832713384639e-01 6.425058714362241741e-01 3.721098169016228696e-01 2.873414031849471639e-01 2.348772187598242300e-01 3.305751702260256719e-01 4.239013038997728189e-01 3.627728699126121503e-01 5.720037236225916644e-01 2.682642601624766754e-01 3.073267872009480262e-01 3.275802490494330588e-01
6.555203183109825638e-01 5.635677608034904695e-01 6.365396128456264346e-01 1.000000000000000000e+00 7.315530969039666376e-01 5.541507844874707933e-01 8.083112099246759774e-01 5.945052895102947987e-01 5.370577681172231665e-01 3.091604197358260864e-01 4.286701507297703828e-01 6.106228092267520502e-01 4.931694488204327320e-01 7.729660718114717000e-01 4.208341892965493103e-01 3.994855608794739554e-01 4.273828226124492535e-01
7.418775093034812862e-01 6.405456409379148841e-01 6.350508107075509834e-01 7.315530969039666376e-01 1.000000000000000000e+00 7.155469919922503585e-01 7.663327621089527364e-01 6.567743694285286260e-01 4.132657951628141424e-01 2.281565184210465336e-01 5.730943604688728543e-01 6.502551360517493384e-01 4.740053051351492686e-01 6.687252621969460575e-01 3.692553235435555581e-01 2.688896068570061360e-01 3.126129081446727409e-01
5.836950258195061636e-01 4.177298958309517141e-01 7.767183832713384639e-01 5.541507844874707933e-01 7.155469919922503585e-01 1.000000000000000000e+00 6.463755512142235204e-01 4.916871221568299144e-01 2.470752056830028687e-01 1.718647593752836711e-01 3.075406634227377256e-01 4.783566903178432250e-01 2.799092779862721314e-01 5.345516516859502021e-01 1.400071168570266311e-01 2.033183211307626193e-01 3.097537267585884213e-01
6.347101982193783520e-01 5.387760855590916220e-01 6.425058714362241741e-01 8.083112099246759774e-01 7.663327621089527364e-01 6.463755512142235204e-01 1.000000000000000000e+00 7.470529579828890654e-01 4.619735953021965602e-01 3.227460760016340746e-01 5.227268313060300375e-01 6.112613057585475351e-01 5.226806445923468658e-01 6.908500710206847417e-01 2.748899018288865626e-01 3.044455012113732040e-01 4.033823438103744663e-01
5.070455327591985029e-01 4.562097478040952336e-01 3.721098169016228696e-01 5.945052895102947987e-01 6.567743694285286260e-01 4.916871221568299144e-01 7.470529579828890654e-01 1.000000000000000000e+00 4.219708542079403935e-01 3.132062418629746325e-01 5.788421743644972528e-01 7.756299293203949841e-01 6.799360557867993871e-01 6.199750121570929418e-01 1.590966013148515934e-01 2.533765954091337091e-01 4.084231936143217778e-01
4.122842176166671146e-01 3.052882005504547469e-01 2.873414031849471639e-01 5.370577681172231665e-01 4.132657951628141424e-01 2.470752056830028687e-01 4.619735953021965602e-01 4.219708542079403935e-01 1.000000000000000000e+00 3.426887731407137205e-01 3.045887851937955082e-01 3.408700042470507174e-01 4.187132831446218062e-01 5.151224931908128246e-01 3.251694153436839874e-01 3.500175318547799064e-01 4.671046754048736593e-01
3.357979253560292032e-01 3.648295107847711605e-01 2.348772187598242300e-01 3.091604197358260864e-01 2.281565184210465336e-01 1.718647593752836711e-01 3.227460760016340746e-01 3.132062418629746325e-01 3.426887731407137205e-01 1.000000000000000000e+00 1.352485547605331573e-01 4.162679610145864073e-01 5.612347036030137515e-01 5.000434708551853014e-01 1.499845154222024524e-01 5.723783226994253459e-01 7.081959945680198487e-01
3.892453574566521746e-01 4.148381195075460104e-01 3.305751702260256719e-01 4.286701507297703828e-01 5.730943604688728543e-01 3.075406634227377256e-01 5.227268313060300375e-01 5.788421743644972528e-01 3.045887851937955082e-01 1.352485547605331573e-01 1.000000000000000000e+00 5.811098345668624932e-01 5.750489970447507648e-01 3.561456613431557283e-01 3.382693436701189049e-01 4.323923914290104809e-01 2.767422260808377055e-01
4.458571779764953225e-01 4.783229092618765388e-01 4.239013038997728189e-01 6.106228092267520502e-01 6.502551360517493384e-01 4.783566903178432250e-01 6.112613057585475351e-01 7.756299293203949841e-01 3.408700042470507174e-01 4.162679610145864073e-01 5.811098345668624932e-01 1.000000000000000000e+00 7.235715096202272045e-01 6.286481284765004229e-01 2.739423735361402046e-01 4.411763223629205366e-01 4.992312497860861842e-01
4.168103951906688143e-01 3.837392783153386611e-01 3.627728699126121503e-01 4.931694488204327320e-01 4.740053051351492686e-01 2.799092779862721314e-01 5.226806445923468658e-01 6.799360557867993871e-01 4.187132831446218062e-01 5.612347036030137515e-01 5.750489970447507648e-01 7.235715096202272045e-01 1.000000000000000000e+00 5.777986665396142030e-01 1.441219687262484395e-01 6.040245771375992723e-01 6.273228929918970298e-01
6.440050256806972850e-01 5.869797262726078602e-01 5.720037236225916644e-01 7.729660718114717000e-01 6.687252621969460575e-01 5.345516516859502021e-01 6.908500710206847417e-01 6.199750121570929418e-01 5.151224931908128246e-01 5.000434708551853014e-01 3.561456613431557283e-01 6.286481284765004229e-01 5.777986665396142030e-01 1.000000000000000000e+00 3.572922848766282300e-01 5.024207022138951206e-01 6.773589158123041187e-01
4.285809457744788054e-01 5.234969694660002171e-01 2.682642601624766754e-01 4.208341892965493103e-01 3.692553235435555581e-01 1.400071168570266311e-01 2.748899018288865626e-01 1.590966013148515934e-01 3.251694153436839874e-01 1.499845154222024524e-01 3.382693436701189049e-01 2.739423735361402046e-01 1.441219687262484395e-01 3.572922848766282300e-01 1.000000000000000000e+00 4.193565649861028533e-01 1.599758682089034989e-01
3.073697388441188894e-01 3.983085369151455057e-01 3.073267872009480262e-01 3.994855608794739554e-01 2.688896068570061360e-01 2.033183211307626193e-01 3.044455012113732040e-01 2.533765954091337091e-01 3.500175318547799064e-01 5.723783226994253459e-01 4.323923914290104809e-01 4.411763223629205366e-01 6.040245771375992723e-01 5.024207022138951206e-01 4.193565649861028533e-01 1.000000000000000000e+00 7.517320754555256723e-01
3.376213879826195918e-01 3.749645122248725926e-01 3.275802490494330588e-01 4.273828226124492535e-01 3.126129081446727409e-01 3.097537267585884213e-01 4.033823438103744663e-01 4.084231936143217778e-01 4.671046754048736593e-01 7.081959945680198487e-01 2.767422260808377055e-01 4.992312497860861842e-01 6.273228929918970298e-01 6.773589158123041187e-01 1.599758682089034989e-01 7.517320754555256723e-01 1.000000000000000000e+00
