1.000000000000000000e+00 7.629342381898651659e-01 3.432124317359304677e-01 4.264816173615501027e-01 7.155668723295836031e-01 3.005340736153089276e-01 4.981226178462647147e-01 4.017766073343511102e-01 4.033102960601728237e-01 2.751009267347457321e-01 6.871599172738739325e-01 4.087122935640849497e-01 4.381896756581427077e-01 3.593929274034707300e-01 6.294125942364949822e-01 4.865918292838265491e-01 5.083236515375156861e-01
7.629342381898651659e-01 1.000000000000000000e+00 4.011837529280093406e-01 3.717552287896820906e-01 6.277136447101459016e-01 2.643177173041146855e-01 4.300358268300965570e-01 3.115243042737599888e-01 2.726405989686059850e-01 1.769076873320656884e-01 6.946171621499498405e-01 2.640421638811964455e-01 3.231090999013780940e-01 2.438645261804589515e-01 6.791718496722145559e-01 4.992845629544009345e-01 4.255350177613741458e-01
3.432124317359304677e-01 4.011837529280093406e-01 1.000000000000000000e+00 6.851614298701858008e-01 6.128643520809208267e-01 8.466345887449864271e-01 6.847268178491350277e-01 3.573414990034251559e-01 3.706191706562227406e-01 2.088620367237150888e-01 3.486875050610304116e-01 5.779348757493040223e-01 2.390569624069967536e-01 4.713897263026471940e-01 2.986951458478433463e-01 1.961377049444136267e-01 2.956517322016162241e-01
4.264816173615501027e-01 3.717552287896820906e-01 6.851614298701858008e-01 1.000000000000000000e+00 6.036579149858467552e-01 6.936979623730638034e-01 7.346322768478230625e-01 4.490996372056719754e-01 4.103343736976749478e-01 2.918110871904754933e-01 2.875558841631215556e-01 6.709009606659981362e-01 3.330927170831499695e-01 7.392539915702974751e-01 3.542689847442680451e-01 2.301945580837274630e-01 4.314575282763002395e-01
7.155668723295836031e-01 6.277136447101459016e-01 6.128643520809208267e-01 6.036579149858467552e-01 1.000000000000000000e+00 7.115949344076205607e-01 6.438607158841003208e-01 4.311293286404072611e-01 4.631232034761463834e-01 2.939352258998126355e-01 5.680911985227321548e-01 7.402397249285437297e-01 4.895221728128508198e-01 5.504691134771024785e-01 5.130128291771460791e-01 3.715623620582005904e-01 5.395940584883143210e-01
3.005340736153089276e-01 2.643177173041146855e-01 8.466345887449864271e-01 6.936979623730638034e-01 7.115949344076205607e-01 1.000000000000000000e+00 6.621357507527564357e-01 3.412822281217894327e-01 3.555518673541170349e-01 1.916861773733597729e-01 2.452499261816234732e-01 7.317779427037259810e-01 3.023265170625830112e-01 5.263735328890875032e-01 1.979821601698028843e-01 1.017947236279926199e-01 3.066444277787551131e-01
4.981226178462647147e-01 4.300358268300965570e-01 6.847268178491350277e-01 7.346322768478230625e-01 6.438607158841003208e-01 6.621357507527564357e-01 1.000000000000000000e+00 7.659619191957889317e-01 4.754185390913267528e-01 2.629195498467570280e-01 4.265022490611389827e-01 6.685719723039306173e-01 3.667268110741301879e-01 6.373041548304068105e-01 2.216815095946133574e-01 7.229323886574291758e-02 3.440358098248654795e-01
4.017766073343511102e-01 3.115243042737599888e-01 3.573414990034251559e-01 4.490996372056719754e-01 4.311293286404072611e-01 3.412822281217894327e-01 7.659619191957889317e-01 1.000000000000000000e+00 3.213375122631840775e-01 3.139130205186058675e-01 4.081433103163484288e-01 5.607427942512058783e-01 5.194357160390211670e-01 5.210639018505586195e-01 7.427511701147727907e-02 6.838652617465644512e-02 3.550338939851032105e-01
4.033102960601728237e-01 2.726405989686059850e-01 3.706191706562227406e-01 4.103343736976749478e-01 4.631232034761463834e-01 3.555518673541170349e-01 4.754185390913267528e-01 3.213375122631840775e-01 1.000000000000000000e+00 6.216915200766646166e-01 2.802280190842035279e-01 4.070540875422886118e-01 3.183061385220534723e-01 4.749337973140192459e-01 2.466963026802106163e-01 2.041586940122679938e-01 4.752662564631411346e-01
2.751009267347457321e-01 1.769076873320656884e-01 2.088620367237150888e-01 2.918110871904754933e-01 2.939352258998126355e-01 1.916861773733597729e-01 2.629195498467570280e-01 3.139130205186058675e-01 6.216915200766646166e-01 1.000000000000000000e+00 2.126305061008322561e-01 3.279728481484942004e-01 4.231635747082117538e-01 3.491584282569208941e-01 2.045959432684212320e-01 3.128489934813775131e-01 5.265448899257481052e-01
6.871599172738739325e-01 6.946171621499498405e-01 3.486875050610304116e-01 2.875558841631215556e-01 5.680911985227321548e-01 2.452499261816234732e-01 4.265022490611389827e-01 4.081433103163484288e-01 2.802280190842035279e-01 2.126305061008322561e-01 1.000000000000000000e+00 3.990683399700513667e-01 5.400100959805433920e-01 1.618206534647367023e-01 6.678552009353210250e-01 6.582608337748846461e-01 4.814456670054650944e-01
4.087122935640849497e-01 2.640421638811964455e-01 5.779348757493040223e-01 6.709009606659981362e-01 7.402397249285437297e-01 7.317779427037259810e-01 6.685719723039306173e-01 5.607427942512058783e-01 4.070540875422886118e-01 3.279728481484942004e-01 3.990683399700513667e-01 1.000000000000000000e+00 5.936402284966139087e-01 6.558531575903432387e-01 2.673351079201797265e-01 2.049043645326797392e-01 5.026116779256942779e-01
4.381896756581427077e-01 3.231090999013780940e-01 2.390569624069967536e-01 3.330927170831499695e-01 4.895221728128508198e-01 3.023265170625830112e-01 3.667268110741301879e-01 5.194357160390211670e-01 3.183061385220534723e-01 4.231635747082117538e-01 5.400100959805433920e-01 5.936402284966139087e-01 1.000000000000000000e+00 3.893252570772958165e-01 4.299013143416567928e-01 5.517613584703094931e-01 7.117622903395633971e-01
3.593929274034707300e-01 2.438645261804589515e-01 4.713897263026471940e-01 7.392539915702974751e-01 5.504691134771024785e-01 5.263735328890875032e-01 6.373041548304068105e-01 5.210639018505586195e-01 4.749337973140192459e-01 3.491584282569208941e-01 1.618206534647367023e-01 6.558531575903432387e-01 3.893252570772958165e-01 1.000000000000000000e+00 2.440421606616927086e-01 1.215220309580662544e-01 5.387339497747989370e-01
6.294125942364949822e-01 6.791718496722145559e-01 2.986951458478433463e-01 3.542689847442680451e-01 5.130128291771460791e-01 1.979821601698028843e-01 2.216815095946133574e-01 7.427511701147727907e-02 2.466963026802106163e-01 2.045959432684212320e-01 6.678552009353210250e-01 2.673351079201797265e-01 4.299013143416567928e-01 2.440421606616927086e-01 1.000000000000000000e+00 8.026576649351643278e-01 5.623269143234922440e-01
4.865918292838265491e-01 4.992845629544009345e-01 1.961377049444136267e-01 2.301945580837274630e-01 3.715623620582005904e-01 1.017947236279926199e-01 7.229323886574291758e-02 6.838652617465644512e-02 2.041586940122679938e-01 3.128489934813775131e-01 6.582608337748846461e-01 2.049043645326797392e-01 5.517613584703094931e-01 1.215220309580662544e-01 8.026576649351643278e-01 1.000000000000000000e+00 6.854738057830581655e-01
5.083236515375156861e-01 4.255350177613741458e-01 2.956517322016162241e-01 4.314575282763002395e-01 5.395940584883143210e-01 3.066444277787551131e-01 3.440358098248654795e-01 3.550338939851032105e-01 4.752662564631411346e-01 5.265448899257481052e-01 4.814456670054650944e-01 5.026116779256942779e-01 7.117622903395633971e-01 5.387339497747989370e-01 5.623269143234922440e-01 6.854738057830581655e-01 1.000000000000000000e+00
