1.000000000000000000e+00 8.195833212114895794e-01 4.512737899120350948e-01 4.766397701212223836e-01 7.008719177471006700e-01 4.765157963965538368e-01 4.673225540514914234e-01 4.468672077720208247e-01 4.666907849302815436e-01 5.280712487762573293e-01 4.339329199989631070e-01 4.021653684699341702e-01 3.592687483422512540e-01 6.058049233232591924e-01 4.587704025593297708e-01 4.183746160435716233e-01 4.249815937574206726e-01
8.195833212114895794e-01 1.000000000000000000e+00 3.986135032917609289e-01 5.083241275489717159e-01 7.353949613973758126e-01 4.399518391276457385e-01 4.149415815597645163e-01 4.418886639128157823e-01 3.458848932427398548e-01 4.000837946444494864e-01 6.404394134182993525e-01 4.034521064480151575e-01 3.069955994812997857e-01 5.623466068932004847e-01 6.104435721780234747e-01 4.815593293947271758e-01 3.599617398417557235e-01
4.512737899120350948e-01 3.986135032917609289e-01 1.000000000000000000e+00 4.430053463564180283e-01 4.692715568271085824e-01 7.141462467891225296e-01 6.060591928588370259e-01 3.909216080819695183e-01 2.943002395704396590e-01 1.747783750374943545e-01 2.782184388468577074e-01 4.224885084587208794e-01 2.382515823206890759e-01 4.399706032598927341e-01 2.948876295710574635e-01 3.998633293393197286e-01 3.337994062710009646e-01
4.766397701212223836e-01 5.083241275489717159e-01 4.430053463564180283e-01 1.000000000000000000e+00 4.406266734406715790e-01 3.236236251043265177e-01 6.835200992397968411e-01 3.329387957861248415e-01 2.565074604706546468e-01 3.146367197751144262e-01 3.995026807346530595e-01 3.346411126765012622e-01 2.627046058251301108e-01 5.399687166800438698e-01 2.810996896793673816e-01 2.920892012176303787e-01 2.986118562830248901e-01
7.008719177471006700e-01 7.353949613973758126e-01 4.692715568271085824e-01 4.406266734406715790e-01 1.000000000000000000e+00 6.950936122286485164e-01 5.436756972922163200e-01 6.273560393589573403e-01 4.620288277490117723e-01 2.749329198166229893e-01 5.757987555725129214e-01 7.224676572084489656e-01 4.521602720083682247e-01 4.969058806098226588e-01 5.303978150324205609e-01 2.617303550447554472e-01 3.775356863994092649e-01
4.765157963965538368e-01 4.399518391276457385e-01 7.141462467891225296e-01 3.236236251043265177e-01 6.950936122286485164e-01 1.000000000000000000e+00 6.912408696818406195e-01 5.794571798064606094e-01 3.419904194576969814e-01 6.571390580836633521e-02 3.023923093465702983e-01 6.726504587747632602e-01 3.056988006526804025e-01 3.663933096842216797e-01 3.297301994586227525e-01 1.977187422275615281e-01 2.678442079869998715e-01
4.673225540514914234e-01 4.149415815597645163e-01 6.060591928588370259e-01 6.835200992397968411e-01 5.436756972922163200e-01 6.912408696818406195e-01 1.000000000000000000e+00 5.916051502223712566e-01 3.166958182571885105e-01 2.289575914840218385e-01 2.818573937169570054e-01 5.399555551080229554e-01 2.724772200814954415e-01 4.305461618002089375e-01 2.056257335817612275e-01 1.402474834319002439e-01 2.683024811070426896e-01
4.468672077720208247e-01 4.418886639128157823e-01 3.909216080819695183e-01 3.329387957861248415e-01 6.273560393589573403e-01 5.794571798064606094e-01 5.916051502223712566e-01 1.000000000000000000e+00 3.277692806245283141e-01 1.815648898369076614e-01 5.099220764965546326e-01 6.535606948146371886e-01 6.091507944061413937e-01 4.471820957686454823e-01 4.131083123122872847e-01 3.004261882969775366e-01 3.989076433329548088e-01
4.666907849302815436e-01 3.458848932427398548e-01 2.943002395704396590e-01 2.565074604706546468e-01 4.620288277490117723e-01 3.419904194576969814e-01 3.166958182571885105e-01 3.277692806245283141e-01 1.000000000000000000e+00 2.169800585104077750e-01 3.034518677849968316e-01 3.371985934088029269e-01 2.937400347997208283e-01 3.895503366271114709e-01 4.969423582280791396e-01 2.753039180957568832e-01 2.986827050821408980e-01
5.280712487762573293e-01 4.000837946444494864e-01 1.747783750374943545e-01 3.146367197751144262e-01 2.749329198166229893e-01 6.571390580836633521e-02 2.289575914840218385e-01 1.815648898369076614e-01 2.169800585104077750e-01 1.000000000000000000e+00 1.049330050363799227e-01 1.826215597845338712e-01 3.276075380392159953e-01 4.605922480528430452e-01 1.695591197603649736e-01 3.613956984388220772e-01 4.638149589836752518e-01
4.339329199989631070e-01 6.404394134182993525e-01 2.782184388468577074e-01 3.995026807346530595e-01 5.757987555725129214e-01 3.023923093465702983e-01 2.818573937169570054e-01 5.099220764965546326e-01 3.034518677849968316e-01 1.049330050363799227e-01 1.000000000000000000e+00 3.759124592163077261e-01 3.508595976481851952e-01 3.764740505893611755e-01 6.546240062186070574e-01 6.023792502513304337e-01 2.631383463572607995e-01
4.021653684699341702e-01 4.034521064480151575e-01 4.224885084587208794e-01 3.346411126765012622e-01 7.224676572084489656e-01 6.726504587747632602e-01 5.399555551080229554e-01 6.535606948146371886e-01 3.371985934088029269e-01 1.826215597845338712e-01 3.759124592163077261e-01 1.000000000000000000e+00 6.729335724593855650e-01 3.512156496204680844e-01 2.448135849204798042e-01 8.536711579671529826e-02 3.632099137097488106e-01
3.592687483422512540e-01 3.069955994812997857e-01 2.382515823206890759e-01 2.627046058251301108e-01 4.521602720083682247e-01 3.056988006526804025e-01 2.724772200814954415e-01 6.091507944061413937e-01 2.937400347997208283e-01 3.276075380392159953e-01 3.508595976481851952e-01 6.729335724593855650e-01 1.000000000000000000e+00 3.681251098351707163e-01 1.901315105839622432e-01 2.594004327717120417e-01 5.257500401886178176e-01
6.058049233232591924e-01 5.623466068932004847e-01 4.399706032598927341e-01 5.399687166800438698e-01 4.969058806098226588e-01 3.663933096842216797e-01 4.305461618002089375e-01 4.471820957686454823e-01 3.895503366271114709e-01 4.605922480528430452e-01 3.764740505893611755e-01 3.512156496204680844e-01 3.681251098351707163e-01 1.000000000000000000e+00 4.933123486299716975e-01 5.684965113945856796e-01 6.112035336140225761e-01
4.587704025593297708e-01 6.104435721780234747e-01 2.948876295710574635e-01 2.810996896793673816e-01 5.303978150324205609e-01 3.297301994586227525e-01 2.056257335817612275e-01 4.131083123122872847e-01 4.969423582280791396e-01 1.695591197603649736e-01 6.546240062186070574e-01 2.448135849204798042e-01 1.901315105839622432e-01 4.933123486299716975e-01 1.000000000000000000e+00 5.921104067536238080e-01 3.073748362478954665e-01
4.183746160435716233e-01 4.815593293947271758e-01 3.998633293393197286e-01 2.920892012176303787e-01 2.617303550447554472e-01 1.977187422275615281e-01 1.402474834319002439e-01 3.004261882969775366e-01 2.753039180957568832e-01 3.613956984388220772e-01 6.023792502513304337e-01 8.536711579671529826e-02 2.594004327717120417e-01 5.684965113945856796e-01 5.921104067536238080e-01 1.000000000000000000e+00 5.970085007643706199e-01
4.249815937574206726e-01 3.599617398417557235e-01 3.337994062710009646e-01 2.986118562830248901e-01 3.775356863994092649e-01 2.678442079869998715e-01 2.683024811070426896e-01 3.989076433329548088e-01 2.986827050821408980e-01 4.638149589836752518e-01 2.631383463572607995e-01 3.632099137097488106e-01 5.257500401886178176e-01 6.112035336140225761e-01 3.073748362478954665e-01 5.970085007643706199e-01 1.000000000000000000e+00
