1.000000000000000000e+00 7.143192110979943443e-01 9.827307563850455618e-02 4.010629568685751267e-01 3.521892323999539220e-01 -3.896911528270387282e-02 5.802656306244523277e-02 1.910632136676306270e-01 2.185329649173478883e-01 4.576191708512883372e-01 3.725014986871913458e-01 1.666748495060828006e-01 4.039147853573236135e-01 1.333852355119145294e-01 4.243757880190868748e-01 4.119857882981673436e-01 3.665390084038481766e-01
7.143192110979943443e-01 1.000000000000000000e+00 -9.009364538628443497e-02 3.454937996270071587e-01 2.604437044562217807e-01 -1.700553572544700187e-01 -1.266923915552082280e-01 1.002121290634880868e-01 -9.991257403804590376e-03 5.001600871410507576e-01 4.606955403806917704e-01 1.591051953409910735e-01 4.031354962818711751e-01 1.012836851158627205e-01 6.659510210173701372e-01 5.871967838485361302e-01 3.863726929527967480e-01
9.827307563850455618e-02 -9.009364538628443497e-02 1.000000000000000000e+00 2.100730414111460220e-01 4.353512929437094447e-01 6.582608533910803139e-01 3.676551974267219802e-01 -8.116379224576702675e-03 3.144077087771474655e-01 -1.111322459089381237e-01 9.408736749662906240e-02 3.113293946139474855e-01 6.222155732448191034e-02 6.718766805313150514e-02 -7.777880182791932495e-02 -5.947360883831191020e-02 -1.043010320582486578e-01
4.010629568685751267e-01 3.454937996270071587e-01 2.100730414111460220e-01 1.000000000000000000e+00 5.265323379820752159e-01 4.210734610361800412e-01 6.305720429868495458e-01 2.900210833458011783e-01 1.604108989458220558e-01 2.231962189641387706e-01 1.287564104125495656e-01 3.285932483181853714e-01 5.384611918005187403e-02 2.702415562087129852e-01 1.758324349429809530e-01 -4.378130184905391908e-02 4.378490991889420758e-02
3.521892323999539220e-01 2.604437044562217807e-01 4.353512929437094447e-01 5.265323379820752159e-01 1.000000000000000000e+00 6.375328883302938676e-01 4.020595906093116789e-01 1.135516467007812169e-01 3.384362188906527846e-01 1.718397262393486780e-01 2.436852880936617172e-01 6.427760190279623309e-01 1.843014775648282033e-01 2.060253069224639577e-01 1.408776531579116198e-01 2.025418922872746635e-02 5.728330019447704091e-02
-3.896911528270387282e-02 -1.700553572544700187e-01 6.582608533910803139e-01 4.210734610361800412e-01 6.375328883302938676e-01 1.000000000000000000e+00 6.355936646139592749e-01 4.765558669956731358e-02 2.662236029664653003e-01 -1.727049247219196726e-01 -8.146082473414205383e-02 4.434161659572621317e-01 -1.777566668334533140e-01 8.725855851455362189e-02 -2.143491690109478320e-01 -3.409233986816936346e-01 -2.644715945555212722e-01
5.802656306244523277e-02 -1.266923915552082280e-01 3.676551974267219802e-01 6.305720429868495458e-01 4.020595906093116789e-01 6.355936646139592749e-01 1.000000000000000000e+00 4.181914368009696514e-01 1.800348269990552086e-01 -2.807717470522983622e-02 -1.297630987829197224e-01 2.887405938906190683e-01 -1.516965095835307031e-01 1.197731613753996033e-01 -2.063800328712810661e-01 -3.884317362457792577e-01 -2.489834285195105246e-01
1.910632136676306270e-01 1.002121290634880868e-01 -8.116379224576702675e-03 2.900210833458011783e-01 1.135516467007812169e-01 4.765558669956731358e-02 4.181914368009696514e-01 1.000000000000000000e+00 4.805058657305179975e-02 1.107675775241675209e-01 3.193304147872138565e-01 2.444553631103247859e-01 3.285870644976984778e-01 7.209790973760471511e-02 1.262529574160421164e-01 4.012258268520237786e-02 -3.721060837432831059e-02
2.185329649173478883e-01 -9.991257403804590376e-03 3.144077087771474655e-01 1.604108989458220558e-01 3.384362188906527846e-01 2.662236029664653003e-01 1.800348269990552086e-01 4.805058657305179975e-02 1.000000000000000000e+00 9.790548001821490487e-02 3.949942078881661656e-02 5.529484203370767237e-02 -4.149474382458893940e-02 3.554452379858755728e-01 3.836563394967111573e-02 4.334694939832262062e-02 2.846643300257972742e-01
4.576191708512883372e-01 5.001600871410507576e-01 -1.111322459089381237e-01 2.231962189641387706e-01 1.718397262393486780e-01 -1.727049247219196726e-01 -2.807717470522983622e-02 1.107675775241675209e-01 9.790548001821490487e-02 1.000000000000000000e+00 2.884428327232060330e-01 1.579624863631191312e-01 4.094007870359394619e-01 7.057436266349725873e-02 4.587677797346043640e-01 4.240537734667671477e-01 4.782187106171420510e-01
3.725014986871913458e-01 4.606955403806917704e-01 9.408736749662906240e-02 1.287564104125495656e-01 2.436852880936617172e-01 -8.146082473414205383e-02 -1.297630987829197224e-01 3.193304147872138565e-01 3.949942078881661656e-02 2.884428327232060330e-01 1.000000000000000000e+00 3.095553367353661156e-01 5.145558257194089435e-01 1.027575655429272400e-01 5.503955418604291605e-01 6.228463450218092445e-01 1.105763749217451991e-01
1.666748495060828006e-01 1.591051953409910735e-01 3.113293946139474855e-01 3.285932483181853714e-01 6.427760190279623309e-01 4.434161659572621317e-01 2.887405938906190683e-01 2.444553631103247859e-01 5.529484203370767237e-02 1.579624863631191312e-01 3.095553367353661156e-01 1.000000000000000000e+00 5.398970283351854915e-01 -1.509628941257297741e-01 1.785232973471460038e-01 2.799033994581861390e-02 -2.303100509174314456e-03
4.039147853573236135e-01 4.031354962818711751e-01 6.222155732448191034e-02 5.384611918005187403e-02 1.843014775648282033e-01 -1.777566668334533140e-01 -1.516965095835307031e-01 3.285870644976984778e-01 -4.149474382458893940e-02 4.094007870359394619e-01 5.145558257194089435e-01 5.398970283351854915e-01 1.000000000000000000e+00 -2.563993258966259514e-01 4.839656706954455490e-01 4.820918433175049311e-01 3.341534924606472945e-01
1.333852355119145294e-01 1.012836851158627205e-01 6.718766805313150514e-02 2.702415562087129852e-01 2.060253069224639577e-01 8.725855851455362189e-02 1.197731613753996033e-01 7.209790973760471511e-02 3.554452379858755728e-01 7.057436266349725873e-02 1.027575655429272400e-01 -1.509628941257297741e-01 -2.563993258966259514e-01 1.000000000000000000e+00 -1.753994246420346320e-02 7.063103153956200309e-02 2.995737900950559696e-01
4.243757880190868748e-01 6.659510210173701372e-01 -7.777880182791932495e-02 1.758324349429809530e-01 1.408776531579116198e-01 -2.143491690109478320e-01 -2.063800328712810661e-01 1.262529574160421164e-01 3.836563394967111573e-02 4.587677797346043640e-01 5.503955418604291605e-01 1.785232973471460038e-01 4.839656706954455490e-01 -1.753994246420346320e-02 1.000000000000000000e+00 7.095538081666975527e-01 3.356872106825364854e-01
4.119857882981673436e-01 5.871967838485361302e-01 -5.947360883831191020e-02 -4.378130184905391908e-02 2.025418922872746635e-02 -3.409233986816936346e-01 -3.884317362457792577e-01 4.012258268520237786e-02 4.334694939832262062e-02 4.240537734667671477e-01 6.228463450218092445e-01 2.799033994581861390e-02 4.820918433175049311e-01 7.063103153956200309e-02 7.095538081666975527e-01 1.000000000000000000e+00 4.857503488277004622e-01
3.665390084038481766e-01 3.863726929527967480e-01 -1.043010320582486578e-01 4.378490991889420758e-02 5.728330019447704091e-02 -2.644715945555212722e-01 -2.489834285195105246e-01 -3.721060837432831059e-02 2.846643300257972742e-01 4.782187106171420510e-01 1.105763749217451991e-01 -2.303100509174314456e-03 3.341534924606472945e-01 2.995737900950559696e-01 3.356872106825364854e-01 4.857503488277004622e-01 1.000000000000000000e+00
