1.000000000000000000e+00 7.049079300253557889e-01 5.174247974354124757e-01 6.442459448792401400e-01 8.645958150461530156e-01 5.980340108169742708e-01 4.509044655642705512e-01 2.745755090918615693e-01 5.768152833970425775e-01 6.118081719046926104e-01 6.250636078548295060e-01 5.554915982101960026e-01 5.221584890493129461e-01 7.298645032711112979e-01 7.695998467164498757e-01 7.067970693842947627e-01 6.691375819183700280e-01
7.049079300253557889e-01 1.000000000000000000e+00 6.137801502313861013e-01 4.580797799658298253e-01 6.686326848034149783e-01 6.469893510598945241e-01 4.716012220871477756e-01 2.686341570274470847e-01 4.209554247789983883e-01 5.689722319368158976e-01 7.735959764097307678e-01 4.003386274288180391e-01 4.161734012668391047e-01 4.051452371321653256e-01 7.801969163388323691e-01 6.305060627754398572e-01 4.881887034042191598e-01
5.174247974354124757e-01 6.137801502313861013e-01 1.000000000000000000e+00 6.778899688278197111e-01 6.415398616148088040e-01 8.474906687757906010e-01 7.219998541681829085e-01 4.838829677360080850e-01 4.090545506509978280e-01 5.860687188378750356e-01 6.496966197096440965e-01 5.488711146164340082e-01 5.446767416955635710e-01 4.761296131852550961e-01 5.550605493877017738e-01 6.439335281682486700e-01 5.943962233390694960e-01
6.442459448792401400e-01 4.580797799658298253e-01 6.778899688278197111e-01 1.000000000000000000e+00 6.764921966828510991e-01 6.775130865049291407e-01 8.235394405486249347e-01 6.885404504110012036e-01 6.271467390973421985e-01 5.738252137038726275e-01 5.907946025676535928e-01 6.365705659175724396e-01 6.654915679519349814e-01 7.651464705835612223e-01 6.383707925666634031e-01 7.630886940265270146e-01 7.109830369550773632e-01
8.645958150461530156e-01 6.686326848034149783e-01 6.415398616148088040e-01 6.764921966828510991e-01 1.000000000000000000e+00 7.559922949539952253e-01 5.415652369830713520e-01 3.152771252366347587e-01 5.967280604932819754e-01 6.496348316778866039e-01 6.158629132845059306e-01 7.195178280281054883e-01 5.871588331670662964e-01 7.323131053063073326e-01 7.792847070263403397e-01 7.575852468434002285e-01 7.389366850841139200e-01
5.980340108169742708e-01 6.469893510598945241e-01 8.474906687757906010e-01 6.775130865049291407e-01 7.559922949539952253e-01 1.000000000000000000e+00 7.276547580519288072e-01 4.942140564958644178e-01 4.670697829132534062e-01 5.649321266228668481e-01 6.791291872995485202e-01 6.003081514380756989e-01 5.473241321589226160e-01 5.517758310231847263e-01 6.130177888572317935e-01 6.519714300001007157e-01 6.126542018102755227e-01
4.509044655642705512e-01 4.716012220871477756e-01 7.219998541681829085e-01 8.235394405486249347e-01 5.415652369830713520e-01 7.276547580519288072e-01 1.000000000000000000e+00 8.403386507337815559e-01 5.495484744415414236e-01 5.195395488719989352e-01 6.577277718688515629e-01 5.760557222945499323e-01 6.192566990225767398e-01 5.398917371331478643e-01 5.499845724593167562e-01 6.615143580615372443e-01 4.934653091924728896e-01
2.745755090918615693e-01 2.686341570274470847e-01 4.838829677360080850e-01 6.885404504110012036e-01 3.152771252366347587e-01 4.942140564958644178e-01 8.403386507337815559e-01 1.000000000000000000e+00 4.729060156240834645e-01 3.789157402009077913e-01 5.873912732216074462e-01 5.294470202622201249e-01 6.850405913740061914e-01 4.438754028419257258e-01 4.227719441091332131e-01 5.653117359514600038e-01 3.480097719885191232e-01
5.768152833970425775e-01 4.209554247789983883e-01 4.090545506509978280e-01 6.271467390973421985e-01 5.967280604932819754e-01 4.670697829132534062e-01 5.495484744415414236e-01 4.729060156240834645e-01 1.000000000000000000e+00 4.092871227436412074e-01 4.781846286367604781e-01 5.696722193213749064e-01 5.144418123911362883e-01 6.728030794381109070e-01 5.775397970984814666e-01 5.493349936559687174e-01 5.983390564778244824e-01
6.118081719046926104e-01 5.689722319368158976e-01 5.860687188378750356e-01 5.738252137038726275e-01 6.496348316778866039e-01 5.649321266228668481e-01 5.195395488719989352e-01 3.789157402009077913e-01 4.092871227436412074e-01 1.000000000000000000e+00 5.674936111652354453e-01 5.046364262181948224e-01 5.313145488203082634e-01 4.725823613851938831e-01 6.545010312548376064e-01 6.838429534970696944e-01 6.349115778713232405e-01
6.250636078548295060e-01 7.735959764097307678e-01 6.496966197096440965e-01 5.907946025676535928e-01 6.158629132845059306e-01 6.791291872995485202e-01 6.577277718688515629e-01 5.873912732216074462e-01 4.781846286367604781e-01 5.674936111652354453e-01 1.000000000000000000e+00 5.310428842374845804e-01 6.513136719202864411e-01 4.327039396881794397e-01 7.795755611307509936e-01 7.788076694659331611e-01 4.411052288632029694e-01
5.554915982101960026e-01 4.003386274288180391e-01 5.488711146164340082e-01 6.365705659175724396e-01 7.195178280281054883e-01 6.003081514380756989e-01 5.760557222945499323e-01 5.294470202622201249e-01 5.696722193213749064e-01 5.046364262181948224e-01 5.310428842374845804e-01 1.000000000000000000e+00 7.517786446775687192e-01 5.520822867336501183e-01 5.640844887624982817e-01 6.629901236717080648e-01 6.115843743966311585e-01
5.221584890493129461e-01 4.161734012668391047e-01 5.446767416955635710e-01 6.654915679519349814e-01 5.871588331670662964e-01 5.473241321589226160e-01 6.192566990225767398e-01 6.850405913740061914e-01 5.144418123911362883e-01 5.313145488203082634e-01 6.513136719202864411e-01 7.517786446775687192e-01 1.000000000000000000e+00 5.602920092800151020e-01 6.073657449799065855e-01 7.473091936105825672e-01 6.101360590484216084e-01
7.298645032711112979e-01 4.051452371321653256e-01 4.761296131852550961e-01 7.651464705835612223e-01 7.323131053063073326e-01 5.517758310231847263e-01 5.398917371331478643e-01 4.438754028419257258e-01 6.728030794381109070e-01 4.725823613851938831e-01 4.327039396881794397e-01 5.520822867336501183e-01 5.602920092800151020e-01 1.000000000000000000e+00 6.449462076280838563e-01 6.853250346976861307e-01 7.707711337614218117e-01
7.695998467164498757e-01 7.801969163388323691e-01 5.550605493877017738e-01 6.383707925666634031e-01 7.792847070263403397e-01 6.130177888572317935e-01 5.499845724593167562e-01 4.227719441091332131e-01 5.775397970984814666e-01 6.545010312548376064e-01 7.795755611307509936e-01 5.640844887624982817e-01 6.073657449799065855e-01 6.449462076280838563e-01 1.000000000000000000e+00 8.121317199129339803e-01 6.196774224993000235e-01
7.067970693842947627e-01 6.305060627754398572e-01 6.439335281682486700e-01 7.630886940265270146e-01 7.575852468434002285e-01 6.519714300001007157e-01 6.615143580615372443e-01 5.653117359514600038e-01 5.493349936559687174e-01 6.838429534970696944e-01 7.788076694659331611e-01 6.629901236717080648e-01 7.473091936105825672e-01 6.853250346976861307e-01 8.121317199129339803e-01 1.000000000000000000e+00 7.577859136973904564e-01
6.691375819183700280e-01 4.881887034042191598e-01 5.943962233390694960e-01 7.109830369550773632e-01 7.389366850841139200e-01 6.126542018102755227e-01 4.934653091924728896e-01 3.480097719885191232e-01 5.983390564778244824e-01 6.349115778713232405e-01 4.411052288632029694e-01 6.115843743966311585e-01 6.101360590484216084e-01 7.707711337614218117e-01 6.196774224993000235e-01 7.577859136973904564e-01 1.000000000000000000e+00
