1.000000000000000000e+00 6.326101806953526863e-01 4.757638286835733643e-01 3.943335449904571410e-01 6.657108937949208771e-01 4.016895682596853256e-01 4.116444959388597669e-01 4.363664909427946159e-01 3.145675519233024353e-01 3.471587063361911696e-01 3.026330882531512723e-01 4.386662211480135132e-01 4.411579030799613332e-01 3.075407120583991682e-01 3.487591472622674771e-01 3.474440634611806744e-01 4.598008335097419352e-01
6.326101806953526863e-01 1.000000000000000000e+00 3.895221446898453066e-01 5.257310080428061472e-01 6.275977070153145876e-01 3.910563481492851934e-01 5.152694022642539950e-01 4.993492025182206251e-01 3.842532112212737050e-01 3.363563468549685687e-01 4.713656616723380655e-01 4.230934468348578892e-01 3.602896763381313594e-01 4.339790215221296932e-01 5.958967459651908216e-01 5.023820393253261019e-01 4.437411105154525082e-01
4.757638286835733643e-01 3.895221446898453066e-01 1.000000000000000000e+00 5.535697425516021841e-01 6.791855192252467255e-01 7.568634386489312416e-01 6.726165585336902897e-01 4.052938058374252472e-01 2.259236319591940434e-01 2.030099429492417951e-01 3.791605228848601294e-01 5.962789707435359743e-01 2.855631228518951681e-01 2.285075252545000768e-01 2.869782997179498585e-01 3.635080427839045281e-01 2.566434521853883099e-01
3.943335449904571410e-01 5.257310080428061472e-01 5.535697425516021841e-01 1.000000000000000000e+00 4.668971329235358514e-01 4.599638503433514103e-01 7.794417158391765410e-01 6.183161756391767350e-01 3.435583532119740879e-01 9.059997333649975892e-02 3.108432498375654496e-01 5.085201698109509394e-01 3.961522439335768975e-01 3.731821348804422178e-01 3.662960617443228317e-01 4.197222489874036233e-01 4.280508651199073644e-01
6.657108937949208771e-01 6.275977070153145876e-01 6.791855192252467255e-01 4.668971329235358514e-01 1.000000000000000000e+00 7.747918950449111941e-01 6.192839587992273742e-01 5.288701998132648852e-01 3.036511079536530766e-01 2.935197805490964429e-01 5.410646356368964405e-01 6.890181904015888481e-01 3.486987644548696919e-01 4.275433889207683746e-01 5.234576977656900665e-01 4.367848852736457843e-01 3.562399923517751144e-01
4.016895682596853256e-01 3.910563481492851934e-01 7.568634386489312416e-01 4.599638503433514103e-01 7.747918950449111941e-01 1.000000000000000000e+00 6.807129373680217421e-01 5.038877022917898074e-01 2.116758555459878621e-01 2.467750737210447909e-01 4.604380114728186535e-01 7.035281849470983451e-01 2.968653150753990388e-01 3.197897259351888954e-01 3.179008591133119510e-01 3.183085379844705631e-01 2.312011651214721797e-01
4.116444959388597669e-01 5.152694022642539950e-01 6.726165585336902897e-01 7.794417158391765410e-01 6.192839587992273742e-01 6.807129373680217421e-01 1.000000000000000000e+00 7.160181940570091719e-01 3.132000965225431033e-01 1.638069391613171111e-01 3.773338877838049443e-01 6.225472799979039351e-01 2.981298917173486052e-01 3.655222936450800431e-01 3.729776361635178117e-01 3.223674163691299666e-01 2.888982858723917468e-01
4.363664909427946159e-01 4.993492025182206251e-01 4.052938058374252472e-01 6.183161756391767350e-01 5.288701998132648852e-01 5.038877022917898074e-01 7.160181940570091719e-01 1.000000000000000000e+00 2.479618252373724241e-01 3.121069393376980083e-01 4.768948657810871961e-01 6.017108237940530513e-01 6.108078838842504465e-01 2.897467319365548133e-01 3.545006421039242350e-01 4.994036426519641303e-01 4.784279699203191072e-01
3.145675519233024353e-01 3.842532112212737050e-01 2.259236319591940434e-01 3.435583532119740879e-01 3.036511079536530766e-01 2.116758555459878621e-01 3.132000965225431033e-01 2.479618252373724241e-01 1.000000000000000000e+00 2.626243705228879510e-01 8.851750767085141136e-02 2.571272378926770519e-01 2.562220212506133299e-01 3.559873050396376026e-01 4.182092282545216699e-01 3.030576381074637227e-01 4.651310862411596747e-01
3.471587063361911696e-01 3.363563468549685687e-01 2.030099429492417951e-01 9.059997333649975892e-02 2.935197805490964429e-01 2.467750737210447909e-01 1.638069391613171111e-01 3.121069393376980083e-01 2.626243705228879510e-01 1.000000000000000000e+00 1.801737450039336830e-01 2.493537393965294113e-01 3.506138516959956819e-01 1.953058898827874368e-01 2.831747574825663194e-01 3.193238394142274283e-01 3.246850417891351537e-01
3.026330882531512723e-01 4.713656616723380655e-01 3.791605228848601294e-01 3.108432498375654496e-01 5.410646356368964405e-01 4.604380114728186535e-01 3.773338877838049443e-01 4.768948657810871961e-01 8.851750767085141136e-02 1.801737450039336830e-01 1.000000000000000000e+00 4.398985037821924737e-01 4.319426554276230013e-01 1.093448856494857319e-01 5.838351844928683088e-01 6.561727908494521255e-01 2.250581840776231524e-01
4.386662211480135132e-01 4.230934468348578892e-01 5.962789707435359743e-01 5.085201698109509394e-01 6.890181904015888481e-01 7.035281849470983451e-01 6.225472799979039351e-01 6.017108237940530513e-01 2.571272378926770519e-01 2.493537393965294113e-01 4.398985037821924737e-01 1.000000000000000000e+00 5.149856213993597720e-01 4.467886987172259294e-01 3.729807249227951593e-01 4.473995343866187246e-01 4.669803500718481826e-01
4.411579030799613332e-01 3.602896763381313594e-01 2.855631228518951681e-01 3.961522439335768975e-01 3.486987644548696919e-01 2.968653150753990388e-01 2.981298917173486052e-01 6.108078838842504465e-01 2.562220212506133299e-01 3.506138516959956819e-01 4.319426554276230013e-01 5.149856213993597720e-01 1.000000000000000000e+00 1.916828927945549432e-01 1.964832617698183126e-01 6.274782109068918201e-01 7.263343239391826245e-01
3.075407120583991682e-01 4.339790215221296932e-01 2.285075252545000768e-01 3.731821348804422178e-01 4.275433889207683746e-01 3.197897259351888954e-01 3.655222936450800431e-01 2.897467319365548133e-01 3.559873050396376026e-01 1.953058898827874368e-01 1.093448856494857319e-01 4.467886987172259294e-01 1.916828927945549432e-01 1.000000000000000000e+00 3.315328015804331896e-01 1.991436380314216825e-01 5.250342037606252621e-01
3.487591472622674771e-01 5.958967459651908216e-01 2.869782997179498585e-01 3.662960617443228317e-01 5.234576977656900665e-01 3.179008591133119510e-01 3.729776361635178117e-01 3.545006421039242350e-01 4.182092282545216699e-01 2.831747574825663194e-01 5.838351844928683088e-01 3.729807249227951593e-01 1.964832617698183126e-01 3.315328015804331896e-01 1.000000000000000000e+00 5.832683292592469870e-01 3.070719485973958940e-01
3.474440634611806744e-01 5.023820393253261019e-01 3.635080427839045281e-01 4.197222489874036233e-01 4.367848852736457843e-01 3.183085379844705631e-01 3.223674163691299666e-01 4.994036426519641303e-01 3.030576381074637227e-01 3.193238394142274283e-01 6.561727908494521255e-01 4.473995343866187246e-01 6.274782109068918201e-01 1.991436380314216825e-01 5.832683292592469870e-01 1.000000000000000000e+00 6.114978173418992302e-01
4.598008335097419352e-01 4.437411105154525082e-01 2.566434521853883099e-01 4.280508651199073644e-01 3.562399923517751144e-01 2.312011651214721797e-01 2.888982858723917468e-01 4.784279699203191072e-01 4.651310862411596747e-01 3.246850417891351537e-01 2.250581840776231524e-01 4.669803500718481826e-01 7.263343239391826245e-01 5.250342037606252621e-01 3.070719485973958940e-01 6.114978173418992302e-01 1.000000000000000000e+00
