1.000000000000000000e+00 8.086963692956483651e-01 5.380172243601443194e-01 3.839119295511502217e-01 7.217977727860727111e-01 4.893007622184449290e-01 4.917508388695289723e-01 4.348970562692411890e-01 4.537164557342875937e-01 6.190511186632521312e-01 5.263883088405533206e-01 4.361031434689407460e-01 5.751854730086506384e-01 4.765508439040191391e-01 4.591648540562119907e-01 4.591806472489022295e-01 5.207016296972883929e-01
8.086963692956483651e-01 1.000000000000000000e+00 5.100083771850904002e-01 4.305327299603911584e-01 7.152127445977941589e-01 4.324360950595447228e-01 5.749876026198532664e-01 4.929697084890156122e-01 3.884500934687986073e-01 5.169674353222626362e-01 5.936406042758317625e-01 4.906407015116550085e-01 5.869702672014140976e-01 5.286629814665746441e-01 6.052753240022863412e-01 4.888959249830875375e-01 5.112025443065347785e-01
5.380172243601443194e-01 5.100083771850904002e-01 1.000000000000000000e+00 4.740276966960013660e-01 6.621133554921104780e-01 8.138359608173596493e-01 7.025211937560209563e-01 5.404257534094758508e-01 1.829187173332476046e-01 4.646063175840736692e-01 5.812600441656099459e-01 5.936206084687625228e-01 5.796460422586814376e-01 5.214005117117006538e-01 2.377988049606588883e-01 4.684664949724338667e-01 5.101819115528652970e-01
3.839119295511502217e-01 4.305327299603911584e-01 4.740276966960013660e-01 1.000000000000000000e+00 3.671459195951022325e-01 3.210512490616597159e-01 7.335828652362775815e-01 5.585954109374680066e-01 1.573066557955819789e-01 3.328931976508838209e-01 2.651924081119844678e-01 3.546075790823264295e-01 3.923532310290790970e-01 3.767107604159316003e-01 2.057482716694385982e-01 2.042428258845423450e-01 2.835072321912687210e-01
7.217977727860727111e-01 7.152127445977941589e-01 6.621133554921104780e-01 3.671459195951022325e-01 1.000000000000000000e+00 7.284115656013544493e-01 6.206633100605150055e-01 5.275380796561146557e-01 3.110201505692472557e-01 5.127024401839268553e-01 6.960406231680683620e-01 7.514138674187145206e-01 6.826529323497744217e-01 4.609448696125083011e-01 4.498879551057974879e-01 3.625019157583855844e-01 3.937362266167022673e-01
4.893007622184449290e-01 4.324360950595447228e-01 8.138359608173596493e-01 3.210512490616597159e-01 7.284115656013544493e-01 1.000000000000000000e+00 6.858254523864742991e-01 5.004811531587980422e-01 1.908920550113765435e-01 4.093292115864917702e-01 5.179826267188124556e-01 6.030007205468441711e-01 4.974017254966082158e-01 3.477206674459704105e-01 1.263308582630649213e-01 2.718989636052983605e-01 3.575306276116403947e-01
4.917508388695289723e-01 5.749876026198532664e-01 7.025211937560209563e-01 7.335828652362775815e-01 6.206633100605150055e-01 6.858254523864742991e-01 1.000000000000000000e+00 7.478138078834154490e-01 1.214533810374776174e-01 4.461134888376518393e-01 4.992425099757246132e-01 5.745431584773340594e-01 5.418169438075479682e-01 4.170838209471884328e-01 2.151602228132084016e-01 3.041559537228169519e-01 3.661307553885736477e-01
4.348970562692411890e-01 4.929697084890156122e-01 5.404257534094758508e-01 5.585954109374680066e-01 5.275380796561146557e-01 5.004811531587980422e-01 7.478138078834154490e-01 1.000000000000000000e+00 4.884328452601038179e-02 4.492985155570956013e-01 4.013061430333779711e-01 6.842646656961077767e-01 7.796774286551766409e-01 3.191604319479239282e-01 1.391947890682024014e-01 3.021374207462884098e-01 3.977266160018190777e-01
4.537164557342875937e-01 3.884500934687986073e-01 1.829187173332476046e-01 1.573066557955819789e-01 3.110201505692472557e-01 1.908920550113765435e-01 1.214533810374776174e-01 4.884328452601038179e-02 1.000000000000000000e+00 5.677395101535563926e-01 6.737764921104774651e-02 1.277371598517156592e-01 2.077026300344997356e-01 4.724224478707558794e-01 4.998430379395704115e-01 4.097709049481572108e-01 5.380463345952753995e-01
6.190511186632521312e-01 5.169674353222626362e-01 4.646063175840736692e-01 3.328931976508838209e-01 5.127024401839268553e-01 4.093292115864917702e-01 4.461134888376518393e-01 4.492985155570956013e-01 5.677395101535563926e-01 1.000000000000000000e+00 4.555110979652220449e-01 4.128298247660293074e-01 6.086443244813645181e-01 5.110527395064068390e-01 5.599584622721484051e-01 7.093567530990749770e-01 6.940235216942655105e-01
5.263883088405533206e-01 5.936406042758317625e-01 5.812600441656099459e-01 2.651924081119844678e-01 6.960406231680683620e-01 5.179826267188124556e-01 4.992425099757246132e-01 4.013061430333779711e-01 6.737764921104774651e-02 4.555110979652220449e-01 1.000000000000000000e+00 5.450063015887012252e-01 5.794062549300116327e-01 3.099182498301406019e-01 5.446092820093118014e-01 4.925297141914690702e-01 2.629680240009668046e-01
4.361031434689407460e-01 4.906407015116550085e-01 5.936206084687625228e-01 3.546075790823264295e-01 7.514138674187145206e-01 6.030007205468441711e-01 5.745431584773340594e-01 6.842646656961077767e-01 1.277371598517156592e-01 4.128298247660293074e-01 5.450063015887012252e-01 1.000000000000000000e+00 8.115585252700193708e-01 3.789005058721010011e-01 2.807239596555243244e-01 2.842799811006015420e-01 3.208209162291310035e-01
5.751854730086506384e-01 5.869702672014140976e-01 5.796460422586814376e-01 3.923532310290790970e-01 6.826529323497744217e-01 4.974017254966082158e-01 5.418169438075479682e-01 7.796774286551766409e-01 2.077026300344997356e-01 6.086443244813645181e-01 5.794062549300116327e-01 8.115585252700193708e-01 1.000000000000000000e+00 4.033358262816099105e-01 3.930952986496887291e-01 4.796553059427117738e-01 5.157235937608033449e-01
4.765508439040191391e-01 5.286629814665746441e-01 5.214005117117006538e-01 3.767107604159316003e-01 4.609448696125083011e-01 3.477206674459704105e-01 4.170838209471884328e-01 3.191604319479239282e-01 4.724224478707558794e-01 5.110527395064068390e-01 3.099182498301406019e-01 3.789005058721010011e-01 4.033358262816099105e-01 1.000000000000000000e+00 4.990454599186641138e-01 6.898820146438514600e-01 8.084824404851991275e-01
4.591648540562119907e-01 6.052753240022863412e-01 2.377988049606588883e-01 2.057482716694385982e-01 4.498879551057974879e-01 1.263308582630649213e-01 2.151602228132084016e-01 1.391947890682024014e-01 4.998430379395704115e-01 5.599584622721484051e-01 5.446092820093118014e-01 2.807239596555243244e-01 3.930952986496887291e-01 4.990454599186641138e-01 1.000000000000000000e+00 6.884334318526696972e-01 5.003202068822316662e-01
4.591806472489022295e-01 4.888959249830875375e-01 4.684664949724338667e-01 2.042428258845423450e-01 3.625019157583855844e-01 2.718989636052983605e-01 3.041559537228169519e-01 3.021374207462884098e-01 4.097709049481572108e-01 7.093567530990749770e-01 4.925297141914690702e-01 2.842799811006015420e-01 4.796553059427117738e-01 6.898820146438514600e-01 6.884334318526696972e-01 1.000000000000000000e+00 8.206357221753723952e-01
5.207016296972883929e-01 5.112025443065347785e-01 5.101819115528652970e-01 2.835072321912687210e-01 3.937362266167022673e-01 3.575306276116403947e-01 3.661307553885736477e-01 3.977266160018190777e-01 5.380463345952753995e-01 6.940235216942655105e-01 2.629680240009668046e-01 3.208209162291310035e-01 5.157235937608033449e-01 8.084824404851991275e-01 5.003202068822316662e-01 8.206357221753723952e-01 1.000000000000000000e+00
