1.000000000000000000e+00 7.303282769105128303e-01 6.513717102188312236e-01 5.687639868718956659e-01 7.070066274493800318e-01 6.221725252595645683e-01 5.249438764871463547e-01 4.424090219460345974e-01 4.168289906869968586e-01 5.033041314571242708e-01 6.177703616269624165e-01 3.151081721390790458e-01 2.265535931606908471e-01 4.528347483929661688e-01 5.696805457750639956e-01 3.958001374684866902e-01 4.227256100201013389e-01
7.303282769105128303e-01 1.000000000000000000e+00 8.026825685115276388e-01 6.581549760274093552e-01 6.798597626925285686e-01 7.031740548323759388e-01 5.360106265019500826e-01 3.598263858371299473e-01 4.101231362262062752e-01 3.390236642791204513e-01 6.935209530971701009e-01 3.985164547593063600e-01 2.129203865275033913e-01 6.404858513193190106e-01 7.093739126771224646e-01 4.493819730020617853e-01 4.490664749822889656e-01
6.513717102188312236e-01 8.026825685115276388e-01 1.000000000000000000e+00 7.228912626775592098e-01 6.393949422562947849e-01 7.711454087035491956e-01 6.206372974103521178e-01 4.401220434754122834e-01 3.474789542138497223e-01 4.167969991688812437e-01 6.053876748361388671e-01 4.983066628176743285e-01 2.952206848011239559e-01 6.327472541268976958e-01 5.926611188589129275e-01 3.583828560507325012e-01 3.852241440047784460e-01
5.687639868718956659e-01 6.581549760274093552e-01 7.228912626775592098e-01 1.000000000000000000e+00 5.708460126206419405e-01 5.784541646632704870e-01 8.482130040651485459e-01 6.257475170557809108e-01 4.536804949268984366e-01 3.850060484962352647e-01 5.921215536548850578e-01 5.065310821118844675e-01 3.817260533690265967e-01 7.309236260032663246e-01 4.297426513409967619e-01 3.282671678200373977e-01 4.150993167841577347e-01
7.070066274493800318e-01 6.798597626925285686e-01 6.393949422562947849e-01 5.708460126206419405e-01 1.000000000000000000e+00 7.862154636851237388e-01 6.130864518272327590e-01 5.015220098870363241e-01 4.147580661094996124e-01 5.126808507064940512e-01 6.754279974755417193e-01 7.017217924275545027e-01 4.849153067060810174e-01 5.911905657383268453e-01 6.692931730626077158e-01 5.345488581465988043e-01 5.914513963690475329e-01
6.221725252595645683e-01 7.031740548323759388e-01 7.711454087035491956e-01 5.784541646632704870e-01 7.862154636851237388e-01 1.000000000000000000e+00 6.662187857204259211e-01 4.386754461627519475e-01 3.246480275440083996e-01 3.788627588227353460e-01 5.120258456623768550e-01 6.348837137588647650e-01 3.030250909355884925e-01 5.114696106858173108e-01 5.274513390187846040e-01 3.054929760754972468e-01 3.722794469910052917e-01
5.249438764871463547e-01 5.360106265019500826e-01 6.206372974103521178e-01 8.482130040651485459e-01 6.130864518272327590e-01 6.662187857204259211e-01 1.000000000000000000e+00 7.838343938657555965e-01 3.936096428434525119e-01 4.220558121530402218e-01 5.440137924436987404e-01 6.288145784119728576e-01 4.853184478544489977e-01 6.588092597395590611e-01 3.299499730790598218e-01 3.476421890283992733e-01 4.491086175236332356e-01
4.424090219460345974e-01 3.598263858371299473e-01 4.401220434754122834e-01 6.257475170557809108e-01 5.015220098870363241e-01 4.386754461627519475e-01 7.838343938657555965e-01 1.000000000000000000e+00 3.317681698035358506e-01 4.611865189971756096e-01 5.123937993843471483e-01 6.190963325265615991e-01 7.265047720551596200e-01 5.691778984782227546e-01 2.338485857300279247e-01 4.150111152583801366e-01 5.518963341425409119e-01
4.168289906869968586e-01 4.101231362262062752e-01 3.474789542138497223e-01 4.536804949268984366e-01 4.147580661094996124e-01 3.246480275440083996e-01 3.936096428434525119e-01 3.317681698035358506e-01 1.000000000000000000e+00 3.806612177041450717e-01 3.479173271656004207e-01 3.173353917033264193e-01 3.153431149585395055e-01 4.738311674715987576e-01 4.990387817661006697e-01 3.901687036882235393e-01 5.463560503705144900e-01
5.033041314571242708e-01 3.390236642791204513e-01 4.167969991688812437e-01 3.850060484962352647e-01 5.126808507064940512e-01 3.788627588227353460e-01 4.220558121530402218e-01 4.611865189971756096e-01 3.806612177041450717e-01 1.000000000000000000e+00 5.514530869621698805e-01 4.500664696515404017e-01 4.529509052579892003e-01 3.489507953546522323e-01 4.459388524349560123e-01 5.488119277797526285e-01 5.154755288188606066e-01
6.177703616269624165e-01 6.935209530971701009e-01 6.053876748361388671e-01 5.921215536548850578e-01 6.754279974755417193e-01 5.120258456623768550e-01 5.440137924436987404e-01 5.123937993843471483e-01 3.479173271656004207e-01 5.514530869621698805e-01 1.000000000000000000e+00 5.198159188304550815e-01 5.092347395149477984e-01 5.601151274457889517e-01 7.344643316709870140e-01 7.648269397371268985e-01 5.927285779648294728e-01
3.151081721390790458e-01 3.985164547593063600e-01 4.983066628176743285e-01 5.065310821118844675e-01 7.017217924275545027e-01 6.348837137588647650e-01 6.288145784119728576e-01 6.190963325265615991e-01 3.173353917033264193e-01 4.500664696515404017e-01 5.198159188304550815e-01 1.000000000000000000e+00 7.444491062686020566e-01 5.519418474355883841e-01 4.167904182132433077e-01 5.176306640133989667e-01 6.056268566691827004e-01
2.265535931606908471e-01 2.129203865275033913e-01 2.952206848011239559e-01 3.817260533690265967e-01 4.849153067060810174e-01 3.030250909355884925e-01 4.853184478544489977e-01 7.265047720551596200e-01 3.153431149585395055e-01 4.529509052579892003e-01 5.092347395149477984e-01 7.444491062686020566e-01 1.000000000000000000e+00 5.175524746048730806e-01 3.358104809855824158e-01 5.711042660122427339e-01 6.961717267713487534e-01
4.528347483929661688e-01 6.404858513193190106e-01 6.327472541268976958e-01 7.309236260032663246e-01 5.911905657383268453e-01 5.114696106858173108e-01 6.588092597395590611e-01 5.691778984782227546e-01 4.738311674715987576e-01 3.489507953546522323e-01 5.601151274457889517e-01 5.519418474355883841e-01 5.175524746048730806e-01 1.000000000000000000e+00 5.277902312776457938e-01 4.798485919452583626e-01 6.967753967374800128e-01
5.696805457750639956e-01 7.093739126771224646e-01 5.926611188589129275e-01 4.297426513409967619e-01 6.692931730626077158e-01 5.274513390187846040e-01 3.299499730790598218e-01 2.338485857300279247e-01 4.990387817661006697e-01 4.459388524349560123e-01 7.344643316709870140e-01 4.167904182132433077e-01 3.358104809855824158e-01 5.277902312776457938e-01 1.000000000000000000e+00 7.221150476220324910e-01 5.936551184138612047e-01
3.958001374684866902e-01 4.493819730020617853e-01 3.583828560507325012e-01 3.282671678200373977e-01 5.345488581465988043e-01 3.054929760754972468e-01 3.476421890283992733e-01 4.150111152583801366e-01 3.901687036882235393e-01 5.488119277797526285e-01 7.648269397371268985e-01 5.176306640133989667e-01 5.711042660122427339e-01 4.798485919452583626e-01 7.221150476220324910e-01 1.000000000000000000e+00 7.840807609324695893e-01
4.227256100201013389e-01 4.490664749822889656e-01 3.852241440047784460e-01 4.150993167841577347e-01 5.914513963690475329e-01 3.722794469910052917e-01 4.491086175236332356e-01 5.518963341425409119e-01 5.463560503705144900e-01 5.154755288188606066e-01 5.927285779648294728e-01 6.056268566691827004e-01 6.961717267713487534e-01 6.967753967374800128e-01 5.936551184138612047e-01 7.840807609324695893e-01 1.000000000000000000e+00
