1.000000000000000000e+00 7.173595589971319963e-01 7.355043962116610823e-01 5.994114071237934827e-01 9.129515309302965731e-01 8.424783644922948511e-01 6.198859145951947092e-01 7.187681813546844545e-01 5.243659344327905591e-01 6.570619216537680884e-01 7.711563649187487268e-01 7.428802905295447401e-01 7.565206380329139169e-01 6.262597198836885592e-01 6.329673754904717731e-01 6.777634275336993364e-01 6.477387114704743487e-01
7.173595589971319963e-01 1.000000000000000000e+00 7.074527478483074727e-01 6.976569687374424289e-01 7.619708738548038873e-01 7.261889192549096927e-01 5.820626314359900189e-01 6.209752926013452079e-01 4.121791839189107853e-01 4.219140635835362252e-01 6.355439860887855952e-01 5.834201648802713747e-01 4.727636533867939361e-01 6.174281549238602729e-01 8.237274400592189405e-01 5.644470221111469455e-01 5.317633729622286420e-01
7.355043962116610823e-01 7.074527478483074727e-01 1.000000000000000000e+00 7.692727477250660417e-01 7.653573648134763818e-01 8.716896554520638940e-01 7.770928146588573782e-01 6.893828249011814124e-01 4.323923047026971278e-01 4.681069620275654652e-01 6.136963381097690906e-01 6.294985220317572683e-01 5.416591690868620690e-01 6.473764722728979626e-01 6.713660767203860624e-01 5.412999521758745658e-01 5.607542543137048474e-01
5.994114071237934827e-01 6.976569687374424289e-01 7.692727477250660417e-01 1.000000000000000000e+00 6.443991223560927573e-01 7.270822971657689981e-01 8.561000100037289284e-01 6.977559700417461652e-01 4.923969359124284462e-01 3.953876699183925814e-01 5.309730092862119388e-01 5.593122303587323429e-01 4.503545560670602632e-01 7.688547025364100840e-01 7.636586437151677842e-01 6.296374967289911639e-01 5.965377924105633722e-01
9.129515309302965731e-01 7.619708738548038873e-01 7.653573648134763818e-01 6.443991223560927573e-01 1.000000000000000000e+00 9.010367327585597774e-01 6.687418506588566069e-01 7.647130845146163924e-01 5.338500719673098249e-01 6.189395465564273557e-01 7.683085764142133511e-01 8.202970071247145389e-01 7.532180875364548056e-01 7.123380584868628240e-01 7.067534936434288761e-01 6.898675770964095566e-01 7.155816704220459012e-01
8.424783644922948511e-01 7.261889192549096927e-01 8.716896554520638940e-01 7.270822971657689981e-01 9.010367327585597774e-01 1.000000000000000000e+00 7.876635323965278657e-01 7.951912515766211831e-01 4.755518399972893384e-01 6.013994806328425424e-01 7.133485867749977949e-01 8.119266008110365140e-01 6.966743386492484369e-01 6.959983957613805616e-01 6.698366484890833084e-01 6.104105629696382485e-01 6.591746346416260671e-01
6.198859145951947092e-01 5.820626314359900189e-01 7.770928146588573782e-01 8.561000100037289284e-01 6.687418506588566069e-01 7.876635323965278657e-01 1.000000000000000000e+00 8.336855809897194547e-01 5.337218199230377991e-01 4.954890910458758513e-01 5.540917331009814761e-01 6.494654773600294639e-01 5.306613336210761478e-01 7.297036700254320163e-01 6.572575401367437564e-01 5.963705206055949226e-01 6.255084888482761452e-01
7.187681813546844545e-01 6.209752926013452079e-01 6.893828249011814124e-01 6.977559700417461652e-01 7.647130845146163924e-01 7.951912515766211831e-01 8.336855809897194547e-01 1.000000000000000000e+00 6.291764478931214377e-01 5.714433482869312186e-01 6.360636480555389438e-01 7.585899341430000220e-01 7.602888993985157384e-01 7.193856225713103347e-01 5.990616615175808901e-01 6.731395738632597325e-01 7.542086729963578540e-01
5.243659344327905591e-01 4.121791839189107853e-01 4.323923047026971278e-01 4.923969359124284462e-01 5.338500719673098249e-01 4.755518399972893384e-01 5.337218199230377991e-01 6.291764478931214377e-01 1.000000000000000000e+00 4.837687497632391365e-01 3.877708430402851958e-01 4.059194826014378976e-01 5.211049613211341525e-01 5.115440117351873761e-01 5.116719571013896850e-01 4.798639861494444769e-01 6.785603420710214495e-01
6.570619216537680884e-01 4.219140635835362252e-01 4.681069620275654652e-01 3.953876699183925814e-01 6.189395465564273557e-01 6.013994806328425424e-01 4.954890910458758513e-01 5.714433482869312186e-01 4.837687497632391365e-01 1.000000000000000000e+00 4.845266017363563660e-01 5.622468548198839011e-01 6.520921064147354729e-01 4.458572256676140433e-01 4.328536152583765673e-01 5.382552179464287212e-01 6.182746538028353056e-01
7.711563649187487268e-01 6.355439860887855952e-01 6.136963381097690906e-01 5.309730092862119388e-01 7.683085764142133511e-01 7.133485867749977949e-01 5.540917331009814761e-01 6.360636480555389438e-01 3.877708430402851958e-01 4.845266017363563660e-01 1.000000000000000000e+00 5.480452243048750116e-01 6.414495401607168690e-01 5.636324090541843246e-01 5.751185894984676139e-01 7.373490694487710995e-01 5.010668071511613642e-01
7.428802905295447401e-01 5.834201648802713747e-01 6.294985220317572683e-01 5.593122303587323429e-01 8.202970071247145389e-01 8.119266008110365140e-01 6.494654773600294639e-01 7.585899341430000220e-01 4.059194826014378976e-01 5.622468548198839011e-01 5.480452243048750116e-01 1.000000000000000000e+00 7.615609424863455379e-01 5.914894609527975300e-01 5.113543681725050138e-01 5.712968579904503796e-01 6.521147288227877592e-01
7.565206380329139169e-01 4.727636533867939361e-01 5.416591690868620690e-01 4.503545560670602632e-01 7.532180875364548056e-01 6.966743386492484369e-01 5.306613336210761478e-01 7.602888993985157384e-01 5.211049613211341525e-01 6.520921064147354729e-01 6.414495401607168690e-01 7.615609424863455379e-01 1.000000000000000000e+00 5.768680393599118217e-01 4.294115870957057601e-01 7.267524491777097584e-01 7.215345768746704858e-01
6.262597198836885592e-01 6.174281549238602729e-01 6.473764722728979626e-01 7.688547025364100840e-01 7.123380584868628240e-01 6.959983957613805616e-01 7.297036700254320163e-01 7.193856225713103347e-01 5.115440117351873761e-01 4.458572256676140433e-01 5.636324090541843246e-01 5.914894609527975300e-01 5.768680393599118217e-01 1.000000000000000000e+00 6.607213869007499962e-01 6.675838386529534541e-01 7.674435636392966664e-01
6.329673754904717731e-01 8.237274400592189405e-01 6.713660767203860624e-01 7.636586437151677842e-01 7.067534936434288761e-01 6.698366484890833084e-01 6.572575401367437564e-01 5.990616615175808901e-01 5.116719571013896850e-01 4.328536152583765673e-01 5.751185894984676139e-01 5.113543681725050138e-01 4.294115870957057601e-01 6.607213869007499962e-01 1.000000000000000000e+00 6.439213540634918242e-01 6.211440798817535747e-01
6.777634275336993364e-01 5.644470221111469455e-01 5.412999521758745658e-01 6.296374967289911639e-01 6.898675770964095566e-01 6.104105629696382485e-01 5.963705206055949226e-01 6.731395738632597325e-01 4.798639861494444769e-01 5.382552179464287212e-01 7.373490694487710995e-01 5.712968579904503796e-01 7.267524491777097584e-01 6.675838386529534541e-01 6.439213540634918242e-01 1.000000000000000000e+00 7.317902919134009476e-01
6.477387114704743487e-01 5.317633729622286420e-01 5.607542543137048474e-01 5.965377924105633722e-01 7.155816704220459012e-01 6.591746346416260671e-01 6.255084888482761452e-01 7.542086729963578540e-01 6.785603420710214495e-01 6.182746538028353056e-01 5.010668071511613642e-01 6.521147288227877592e-01 7.215345768746704858e-01 7.674435636392966664e-01 6.211440798817535747e-01 7.317902919134009476e-01 1.000000000000000000e+00
