1.000000000000000000e+00 6.696903492387242807e-01 1.599837670843121396e-01 2.071944984872048368e-01 6.392787799332637633e-01 8.436737167873772925e-02 1.591350408254678106e-01 2.249445955205892911e-01 3.318702449661820042e-01 2.495039058411234467e-01 2.914979902416613422e-01 3.189401355123904214e-01 3.390298065325539900e-01 2.672937698877223545e-01 3.875938640907483634e-01 3.566668657495528638e-01 3.391715569631050253e-01
6.696903492387242807e-01 1.000000000000000000e+00 4.316255311943099082e-01 4.987357225957068652e-01 6.575520165981281195e-01 2.308544042853641343e-01 4.252673371303850591e-01 4.260859343184593140e-01 4.222396487034768553e-01 3.775543521619286191e-01 5.424035077605763311e-01 4.712754365590837158e-01 4.855952081585089286e-01 5.127510862001850578e-01 5.774158504514680379e-01 5.977899350591068250e-01 5.397793998914754976e-01
1.599837670843121396e-01 4.316255311943099082e-01 1.000000000000000000e+00 4.453739566575625752e-01 4.749832074339246368e-01 6.414446194380909461e-01 6.985135753503027845e-01 5.498288826345104630e-01 2.752399231199255114e-01 2.349926847926865348e-01 3.441735588257595624e-01 5.386194887877604476e-01 2.738847827544162450e-01 5.231886322690045832e-01 2.370577858483860767e-01 2.929354952087362407e-01 3.351522504760882648e-01
2.071944984872048368e-01 4.987357225957068652e-01 4.453739566575625752e-01 1.000000000000000000e+00 3.384853143915448337e-01 2.277201971659595092e-01 7.238551855278242408e-01 5.128976677943630769e-01 5.011221018858715848e-01 2.413597767734769195e-01 4.456640388343981463e-01 4.048200511055082829e-01 2.333810633138825030e-01 7.747987947949621645e-01 4.824317770244210823e-01 4.393441195226324703e-01 4.680926549849118157e-01
6.392787799332637633e-01 6.575520165981281195e-01 4.749832074339246368e-01 3.384853143915448337e-01 1.000000000000000000e+00 5.755548616834242903e-01 4.285886402830255681e-01 6.040254374244885538e-01 3.442812962667556320e-01 4.431391155613823574e-01 5.395918623901839739e-01 6.986826436673267970e-01 6.125667034375639197e-01 4.044750293754279524e-01 5.855378893140055219e-01 5.457496907811991704e-01 4.572471300310453901e-01
8.436737167873772925e-02 2.308544042853641343e-01 6.414446194380909461e-01 2.277201971659595092e-01 5.755548616834242903e-01 1.000000000000000000e+00 5.206396048338408633e-01 6.159075828091818972e-01 5.961188244671571101e-02 2.770957632485776534e-01 3.414208283828277235e-01 6.143873909949009171e-01 3.567492833340348835e-01 3.176275855564990591e-01 2.260391740694528140e-01 1.841521686760323462e-01 9.920667582360245818e-02
1.591350408254678106e-01 4.252673371303850591e-01 6.985135753503027845e-01 7.238551855278242408e-01 4.285886402830255681e-01 5.206396048338408633e-01 1.000000000000000000e+00 7.087040817285347183e-01 4.003413366607815882e-01 2.764488032439869070e-01 4.668137255919948547e-01 5.393103258709804892e-01 3.036730471375718166e-01 6.472353391941272349e-01 3.918043407232610909e-01 4.018249869503641158e-01 4.183637182155837131e-01
2.249445955205892911e-01 4.260859343184593140e-01 5.498288826345104630e-01 5.128976677943630769e-01 6.040254374244885538e-01 6.159075828091818972e-01 7.087040817285347183e-01 1.000000000000000000e+00 2.546042003324926473e-01 4.028305180526131068e-01 5.108445596668953481e-01 7.556459156448149805e-01 6.656959680244424193e-01 5.316456187882432349e-01 4.663949651930381357e-01 4.981038629302930731e-01 5.023295431533248978e-01
3.318702449661820042e-01 4.222396487034768553e-01 2.752399231199255114e-01 5.011221018858715848e-01 3.442812962667556320e-01 5.961188244671571101e-02 4.003413366607815882e-01 2.546042003324926473e-01 1.000000000000000000e+00 3.668971974537694747e-01 1.973440097770771673e-01 1.920715755216373388e-01 1.951138240520883527e-01 4.565176941446709713e-01 4.427191810112860448e-01 4.121913130353949684e-01 5.479380219357048443e-01
2.495039058411234467e-01 3.775543521619286191e-01 2.349926847926865348e-01 2.413597767734769195e-01 4.431391155613823574e-01 2.770957632485776534e-01 2.764488032439869070e-01 4.028305180526131068e-01 3.668971974537694747e-01 1.000000000000000000e+00 3.220182522811628201e-01 5.138379827732304506e-01 5.498467504084951774e-01 2.288574038034743297e-01 4.765743446186586074e-01 5.992258740553642049e-01 5.431615168395553805e-01
2.914979902416613422e-01 5.424035077605763311e-01 3.441735588257595624e-01 4.456640388343981463e-01 5.395918623901839739e-01 3.414208283828277235e-01 4.668137255919948547e-01 5.108445596668953481e-01 1.973440097770771673e-01 3.220182522811628201e-01 1.000000000000000000e+00 5.459784605723032591e-01 5.579606655417985728e-01 3.783249195247930796e-01 5.421094066138810730e-01 6.592017944392295492e-01 3.196471440944367859e-01
3.189401355123904214e-01 4.712754365590837158e-01 5.386194887877604476e-01 4.048200511055082829e-01 6.986826436673267970e-01 6.143873909949009171e-01 5.393103258709804892e-01 7.556459156448149805e-01 1.920715755216373388e-01 5.138379827732304506e-01 5.459784605723032591e-01 1.000000000000000000e+00 7.013610274605921457e-01 4.371858235603491849e-01 4.874403556273081972e-01 5.658798269353692012e-01 4.921052783568947708e-01
3.390298065325539900e-01 4.855952081585089286e-01 2.738847827544162450e-01 2.333810633138825030e-01 6.125667034375639197e-01 3.567492833340348835e-01 3.036730471375718166e-01 6.656959680244424193e-01 1.951138240520883527e-01 5.498467504084951774e-01 5.579606655417985728e-01 7.013610274605921457e-01 1.000000000000000000e+00 2.461986314511167562e-01 5.641766881496939057e-01 7.300233663144656271e-01 5.952281647059370906e-01
2.672937698877223545e-01 5.127510862001850578e-01 5.231886322690045832e-01 7.747987947949621645e-01 4.044750293754279524e-01 3.176275855564990591e-01 6.472353391941272349e-01 5.316456187882432349e-01 4.565176941446709713e-01 2.288574038034743297e-01 3.783249195247930796e-01 4.371858235603491849e-01 2.461986314511167562e-01 1.000000000000000000e+00 4.139367091409866806e-01 3.939239930735415895e-01 5.257733527823074127e-01
3.875938640907483634e-01 5.774158504514680379e-01 2.370577858483860767e-01 4.824317770244210823e-01 5.855378893140055219e-01 2.260391740694528140e-01 3.918043407232610909e-01 4.663949651930381357e-01 4.427191810112860448e-01 4.765743446186586074e-01 5.421094066138810730e-01 4.874403556273081972e-01 5.641766881496939057e-01 4.139367091409866806e-01 1.000000000000000000e+00 7.031590381840772119e-01 5.599100793071997151e-01
3.566668657495528638e-01 5.977899350591068250e-01 2.929354952087362407e-01 4.393441195226324703e-01 5.457496907811991704e-01 1.841521686760323462e-01 4.018249869503641158e-01 4.981038629302930731e-01 4.121913130353949684e-01 5.992258740553642049e-01 6.592017944392295492e-01 5.658798269353692012e-01 7.300233663144656271e-01 3.939239930735415895e-01 7.031590381840772119e-01 1.000000000000000000e+00 7.466842683692650473e-01
3.391715569631050253e-01 5.397793998914754976e-01 3.351522504760882648e-01 4.680926549849118157e-01 4.572471300310453901e-01 9.920667582360245818e-02 4.183637182155837131e-01 5.023295431533248978e-01 5.479380219357048443e-01 5.431615168395553805e-01 3.196471440944367859e-01 4.921052783568947708e-01 5.952281647059370906e-01 5.257733527823074127e-01 5.599100793071997151e-01 7.466842683692650473e-01 1.000000000000000000e+00
