1.000000000000000000e+00 6.317077136608606480e-01 3.280908125852385337e-01 2.723277040513157332e-01 3.831392761362296673e-01 1.926536848499659227e-01 1.492260513535463851e-01 2.365284919662597463e-01 3.370301330630606218e-01 4.253289200692115246e-01 3.618773688489744234e-01 2.163051326925671258e-01 3.397572775677499823e-01 5.794640521388293442e-01 3.548622061142940320e-01 4.958724413136804676e-01 6.182129522477330941e-01
6.317077136608606480e-01 1.000000000000000000e+00 2.740733972603590640e-01 3.060966770233812251e-01 2.259016148365076693e-01 7.618567647999624493e-02 1.217408609524775059e-01 2.246922164629913399e-01 2.543022134516772503e-01 2.863608877309279377e-01 3.906740768528700891e-01 1.328220452889828374e-01 2.378804077132920802e-01 4.937372192126389114e-01 4.481769299104145232e-01 4.449292659010446460e-01 5.324471069847478422e-01
3.280908125852385337e-01 2.740733972603590640e-01 1.000000000000000000e+00 5.033146143789732907e-01 2.674878415523830877e-01 4.749490841545115360e-01 5.079161003621730508e-01 1.074261916854186011e-01 1.675860352356375316e-01 1.133999144385863245e-01 1.676702016457002897e-01 2.207426030320809585e-02 2.524566224591260483e-02 3.172593990194341740e-01 2.451724738549483917e-01 1.645118734367482793e-01 2.701200110138008426e-01
2.723277040513157332e-01 3.060966770233812251e-01 5.033146143789732907e-01 1.000000000000000000e+00 -9.247149388460189356e-02 1.657404391471523630e-01 5.595703775221165799e-01 1.179969063239614674e-01 1.326301672572329504e-01 -4.087336071955167266e-02 8.949153946942567384e-02 -2.391053138965819336e-01 -1.028232110261546733e-01 3.048242718267851759e-01 2.265424700037454719e-01 1.055866679899764571e-01 1.244814890354089820e-01
3.831392761362296673e-01 2.259016148365076693e-01 2.674878415523830877e-01 -9.247149388460189356e-02 1.000000000000000000e+00 6.633887555653721346e-01 2.397622145800856475e-01 1.587703156108157543e-01 1.148422710989602108e-01 9.433545931501793880e-02 3.184879721418728549e-01 3.095560765740063003e-01 3.672958199581548289e-02 2.966841811424812403e-01 6.723834338508784259e-02 5.575535802921607192e-02 2.091350629245694315e-01
1.926536848499659227e-01 7.618567647999624493e-02 4.749490841545115360e-01 1.657404391471523630e-01 6.633887555653721346e-01 1.000000000000000000e+00 5.935479169587393189e-01 2.353977285382599649e-01 -1.229359949021221893e-01 -1.122032774232843561e-01 1.024280183016146040e-01 7.367237761604533697e-02 -9.354933888894428895e-02 1.018060679342956409e-01 -1.250359067181299744e-01 -1.835960424760253729e-01 -1.410067148374226711e-02
1.492260513535463851e-01 1.217408609524775059e-01 5.079161003621730508e-01 5.595703775221165799e-01 2.397622145800856475e-01 5.935479169587393189e-01 1.000000000000000000e+00 3.483988088312301445e-01 -7.574037266323845052e-02 -2.474279442378807259e-01 -5.793747799224680493e-03 -2.116986046853151504e-01 -3.005847221950391224e-01 2.025483197841347061e-01 -9.808699817639482399e-02 -2.860172216286570590e-01 -1.186542209679387339e-01
2.365284919662597463e-01 2.246922164629913399e-01 1.074261916854186011e-01 1.179969063239614674e-01 1.587703156108157543e-01 2.353977285382599649e-01 3.483988088312301445e-01 1.000000000000000000e+00 -1.963350731183006320e-02 -1.128141063468515899e-02 3.046242233177561265e-01 4.497770734645729629e-01 4.123156342753885317e-01 1.526368126524154656e-01 -2.320666301761168948e-01 -2.558652573920332587e-02 1.919555783033797536e-01
3.370301330630606218e-01 2.543022134516772503e-01 1.675860352356375316e-01 1.326301672572329504e-01 1.148422710989602108e-01 -1.229359949021221893e-01 -7.574037266323845052e-02 -1.963350731183006320e-02 1.000000000000000000e+00 3.731768383589728066e-01 3.195329258097482916e-01 6.831151947410640801e-02 2.410342965734882936e-01 4.775508887428571714e-01 2.887235258688695683e-01 4.568987812177160435e-01 4.834605141487930413e-01
4.253289200692115246e-01 2.863608877309279377e-01 1.133999144385863245e-01 -4.087336071955167266e-02 9.433545931501793880e-02 -1.122032774232843561e-01 -2.474279442378807259e-01 -1.128141063468515899e-02 3.731768383589728066e-01 1.000000000000000000e+00 2.222669828116736190e-01 1.806472075196551008e-01 4.407077831089687980e-01 1.894239909836108737e-01 4.261820391125131779e-01 5.644517458929698694e-01 5.316812971201566596e-01
3.618773688489744234e-01 3.906740768528700891e-01 1.676702016457002897e-01 8.949153946942567384e-02 3.184879721418728549e-01 1.024280183016146040e-01 -5.793747799224680493e-03 3.046242233177561265e-01 3.195329258097482916e-01 2.222669828116736190e-01 1.000000000000000000e+00 3.071607511278586777e-01 3.810300652114538833e-01 3.803861485134175657e-01 3.952249513041604656e-01 5.702634292706291186e-01 4.085371236751771384e-01
2.163051326925671258e-01 1.328220452889828374e-01 2.207426030320809585e-02 -2.391053138965819336e-01 3.095560765740063003e-01 7.367237761604533697e-02 -2.116986046853151504e-01 4.497770734645729629e-01 6.831151947410640801e-02 1.806472075196551008e-01 3.071607511278586777e-01 1.000000000000000000e+00 7.009695382400715769e-01 3.507018541299613407e-02 -1.507431278452053824e-01 6.248095698684345140e-02 2.536750998599837104e-01
3.397572775677499823e-01 2.378804077132920802e-01 2.524566224591260483e-02 -1.028232110261546733e-01 3.672958199581548289e-02 -9.354933888894428895e-02 -3.005847221950391224e-01 4.123156342753885317e-01 2.410342965734882936e-01 4.407077831089687980e-01 3.810300652114538833e-01 7.009695382400715769e-01 1.000000000000000000e+00 1.196080317325991793e-01 8.740008306912598612e-02 4.141504695098091604e-01 5.026384838867435922e-01
5.794640521388293442e-01 4.937372192126389114e-01 3.172593990194341740e-01 3.048242718267851759e-01 2.966841811424812403e-01 1.018060679342956409e-01 2.025483197841347061e-01 1.526368126524154656e-01 4.775508887428571714e-01 1.894239909836108737e-01 3.803861485134175657e-01 3.507018541299613407e-02 1.196080317325991793e-01 1.000000000000000000e+00 2.913835828079280876e-01 4.693164329182203942e-01 6.581204666971196549e-01
3.548622061142940320e-01 4.481769299104145232e-01 2.451724738549483917e-01 2.265424700037454719e-01 6.723834338508784259e-02 -1.250359067181299744e-01 -9.808699817639482399e-02 -2.320666301761168948e-01 2.887235258688695683e-01 4.261820391125131779e-01 3.952249513041604656e-01 -1.507431278452053824e-01 8.740008306912598612e-02 2.913835828079280876e-01 1.000000000000000000e+00 6.432387615690868810e-01 4.188585797755715046e-01
4.958724413136804676e-01 4.449292659010446460e-01 1.645118734367482793e-01 1.055866679899764571e-01 5.575535802921607192e-02 -1.835960424760253729e-01 -2.860172216286570590e-01 -2.558652573920332587e-02 4.568987812177160435e-01 5.644517458929698694e-01 5.702634292706291186e-01 6.248095698684345140e-02 4.141504695098091604e-01 4.693164329182203942e-01 6.432387615690868810e-01 1.000000000000000000e+00 6.965869004092459793e-01
6.182129522477330941e-01 5.324471069847478422e-01 2.701200110138008426e-01 1.244814890354089820e-01 2.091350629245694315e-01 -1.410067148374226711e-02 -1.186542209679387339e-01 1.919555783033797536e-01 4.834605141487930413e-01 5.316812971201566596e-01 4.085371236751771384e-01 2.536750998599837104e-01 5.026384838867435922e-01 6.581204666971196549e-01 4.188585797755715046e-01 6.965869004092459793e-01 1.000000000000000000e+00
