1.000000000000000000e+00 7.740791935029993631e-01 5.079829325324399791e-01 4.963839896598059576e-01 7.526592015927092705e-01 4.999451068779450780e-01 4.953545232318987690e-01 4.090789003028420523e-01 4.663332090183286982e-01 6.576856089543753336e-01 7.120055984528681492e-01 3.856732719392197972e-01 4.990582431468013058e-01 4.659861934845084819e-01 7.486338068921747357e-01 6.358876005457354541e-01 5.825982895038930298e-01
7.740791935029993631e-01 1.000000000000000000e+00 5.670076350496737749e-01 5.818683668982597146e-01 6.184513994468484599e-01 5.030698447750658886e-01 5.596583695973297301e-01 4.007644594637945756e-01 4.695961839157862250e-01 5.998514452323370216e-01 7.094652421059949310e-01 3.033308103948702539e-01 4.118775816398723144e-01 5.009904889893356250e-01 7.850058891422376783e-01 6.807155196935116281e-01 6.068521527851108432e-01
5.079829325324399791e-01 5.670076350496737749e-01 1.000000000000000000e+00 7.692468720812679628e-01 5.230190369514708948e-01 7.602829717839385548e-01 6.981916772511667091e-01 4.797144963472724788e-01 4.562386185762460911e-01 4.857622353984371033e-01 5.679414903934522085e-01 3.844896444573279171e-01 3.948888101708760701e-01 5.609786443464848116e-01 5.699612819793867802e-01 5.566466828446527959e-01 5.223012628078121944e-01
4.963839896598059576e-01 5.818683668982597146e-01 7.692468720812679628e-01 1.000000000000000000e+00 5.478903312283847082e-01 6.947363507729747978e-01 8.818362139587214710e-01 6.404125096649984084e-01 5.838887809518579219e-01 5.503171187776865203e-01 6.062147607398744587e-01 4.913703203241943096e-01 4.940779812699201412e-01 7.401428721423068957e-01 5.941560823985038153e-01 6.731606274339630991e-01 7.354613692760564314e-01
7.526592015927092705e-01 6.184513994468484599e-01 5.230190369514708948e-01 5.478903312283847082e-01 1.000000000000000000e+00 7.514179924355763873e-01 5.476704266221862349e-01 5.171717429153936951e-01 5.220628224021158781e-01 6.532046083564118089e-01 7.003708851477504771e-01 7.193405420273718542e-01 6.263498250829628855e-01 6.594426798801651390e-01 6.790045438160944302e-01 6.313776251589440225e-01 6.647825633770709786e-01
4.999451068779450780e-01 5.030698447750658886e-01 7.602829717839385548e-01 6.947363507729747978e-01 7.514179924355763873e-01 1.000000000000000000e+00 6.331727777068826279e-01 5.465437631776137728e-01 4.700418579998265622e-01 5.877149195635317236e-01 5.981687424857465851e-01 6.728080024728423369e-01 6.135827180709633177e-01 6.361416428255269873e-01 5.429706934012952235e-01 6.493370110648111204e-01 6.904088053538522951e-01
4.953545232318987690e-01 5.596583695973297301e-01 6.981916772511667091e-01 8.818362139587214710e-01 5.476704266221862349e-01 6.331727777068826279e-01 1.000000000000000000e+00 7.889065964582072654e-01 6.232517768399608027e-01 5.450299994736905740e-01 6.548941501081528838e-01 4.994326224937102876e-01 4.893020655066828151e-01 7.759354573945550504e-01 5.072604026986547998e-01 6.139858571278210553e-01 6.715284146425481993e-01
4.090789003028420523e-01 4.007644594637945756e-01 4.797144963472724788e-01 6.404125096649984084e-01 5.171717429153936951e-01 5.465437631776137728e-01 7.889065964582072654e-01 1.000000000000000000e+00 5.081174365936670378e-01 5.014621413168159902e-01 6.255713060243078827e-01 6.681671995225290095e-01 7.436686805490270169e-01 6.640135078397674251e-01 3.634802805780276147e-01 5.327394610575008072e-01 6.362569763825575153e-01
4.663332090183286982e-01 4.695961839157862250e-01 4.562386185762460911e-01 5.838887809518579219e-01 5.220628224021158781e-01 4.700418579998265622e-01 6.232517768399608027e-01 5.081174365936670378e-01 1.000000000000000000e+00 5.453080368071848705e-01 5.497806451840190345e-01 3.853624095651372872e-01 4.046876204701736479e-01 6.726808287715454471e-01 4.685953970742849917e-01 5.981997174198113720e-01 6.895177216799449615e-01
6.576856089543753336e-01 5.998514452323370216e-01 4.857622353984371033e-01 5.503171187776865203e-01 6.532046083564118089e-01 5.877149195635317236e-01 5.450299994736905740e-01 5.014621413168159902e-01 5.453080368071848705e-01 1.000000000000000000e+00 5.882752420193467779e-01 4.823735360256662941e-01 6.122089478720451616e-01 5.740237169777786530e-01 6.085520890145819095e-01 6.948323725006303464e-01 7.506578593646696662e-01
7.120055984528681492e-01 7.094652421059949310e-01 5.679414903934522085e-01 6.062147607398744587e-01 7.003708851477504771e-01 5.981687424857465851e-01 6.548941501081528838e-01 6.255713060243078827e-01 5.497806451840190345e-01 5.882752420193467779e-01 1.000000000000000000e+00 5.511430815842839337e-01 6.091623787034295967e-01 6.279285255947578692e-01 6.883946224074769527e-01 8.214307984083339953e-01 7.040947008526298179e-01
3.856732719392197972e-01 3.033308103948702539e-01 3.844896444573279171e-01 4.913703203241943096e-01 7.193405420273718542e-01 6.728080024728423369e-01 4.994326224937102876e-01 6.681671995225290095e-01 3.853624095651372872e-01 4.823735360256662941e-01 5.511430815842839337e-01 1.000000000000000000e+00 7.654161585130420109e-01 5.852250603849603605e-01 4.284029394759350517e-01 5.091027729828527804e-01 6.333002661282283174e-01
4.990582431468013058e-01 4.118775816398723144e-01 3.948888101708760701e-01 4.940779812699201412e-01 6.263498250829628855e-01 6.135827180709633177e-01 4.893020655066828151e-01 7.436686805490270169e-01 4.046876204701736479e-01 6.122089478720451616e-01 6.091623787034295967e-01 7.654161585130420109e-01 1.000000000000000000e+00 5.055659845196396329e-01 4.929350437198061763e-01 6.495036410392359683e-01 7.008322971693815573e-01
4.659861934845084819e-01 5.009904889893356250e-01 5.609786443464848116e-01 7.401428721423068957e-01 6.594426798801651390e-01 6.361416428255269873e-01 7.759354573945550504e-01 6.640135078397674251e-01 6.726808287715454471e-01 5.740237169777786530e-01 6.279285255947578692e-01 5.852250603849603605e-01 5.055659845196396329e-01 1.000000000000000000e+00 4.841927372797428242e-01 6.075415757542458328e-01 7.740473979051453179e-01
7.486338068921747357e-01 7.850058891422376783e-01 5.699612819793867802e-01 5.941560823985038153e-01 6.790045438160944302e-01 5.429706934012952235e-01 5.072604026986547998e-01 3.634802805780276147e-01 4.685953970742849917e-01 6.085520890145819095e-01 6.883946224074769527e-01 4.284029394759350517e-01 4.929350437198061763e-01 4.841927372797428242e-01 1.000000000000000000e+00 7.560310873121552921e-01 6.383276501889210142e-01
6.358876005457354541e-01 6.807155196935116281e-01 5.566466828446527959e-01 6.731606274339630991e-01 6.313776251589440225e-01 6.493370110648111204e-01 6.139858571278210553e-01 5.327394610575008072e-01 5.981997174198113720e-01 6.948323725006303464e-01 8.214307984083339953e-01 5.091027729828527804e-01 6.495036410392359683e-01 6.075415757542458328e-01 7.560310873121552921e-01 1.000000000000000000e+00 8.553035323386450894e-01
5.825982895038930298e-01 6.068521527851108432e-01 5.223012628078121944e-01 7.354613692760564314e-01 6.647825633770709786e-01 6.904088053538522951e-01 6.715284146425481993e-01 6.362569763825575153e-01 6.895177216799449615e-01 7.506578593646696662e-01 7.040947008526298179e-01 6.333002661282283174e-01 7.008322971693815573e-01 7.740473979051453179e-01 6.383276501889210142e-01 8.553035323386450894e-01 1.000000000000000000e+00
