1.000000000000000000e+00 7.318840879337377148e-01 4.043134360802473348e-01 4.854932852807257171e-01 5.206232067421676657e-01 2.798743968680443284e-01 2.750364179701690337e-01 5.585181751587221799e-02 3.656593602536066245e-01 3.888058048946623213e-01 2.542703638358012608e-01 1.454445179291769530e-01 1.842927538719944247e-01 6.042114076458391381e-01 2.364268499711781879e-01 3.108122151314510750e-01 4.084231819478703063e-01
7.318840879337377148e-01 1.000000000000000000e+00 5.019685435765006698e-01 5.290082983781345671e-01 6.611236203398868083e-01 4.737336484348141363e-01 3.453040097975603739e-01 6.823206968370358616e-02 2.365442777738880897e-01 3.656174685512537104e-01 3.997184054560496413e-01 1.651437630342972307e-01 1.035978896810375721e-01 5.337424209401940844e-01 4.703104477771197778e-01 3.955179921347996563e-01 3.167148929270585112e-01
4.043134360802473348e-01 5.019685435765006698e-01 1.000000000000000000e+00 6.260879201079689871e-01 6.963190485987191813e-01 7.747688446654295014e-01 6.095708923088229980e-01 3.075505173288806682e-01 1.637589275670497946e-01 4.446124552792959927e-01 4.280102705629703075e-01 4.747477988147024708e-01 3.579701757356179570e-01 4.477396663408176325e-01 3.223145111374426386e-01 4.445428490011003042e-01 3.989374237979395055e-01
4.854932852807257171e-01 5.290082983781345671e-01 6.260879201079689871e-01 1.000000000000000000e+00 4.876356987178359637e-01 4.932364850332693340e-01 7.658235182072540281e-01 3.881066978498707298e-01 3.197288212249051464e-01 3.463063405857350063e-01 2.554500068026044901e-01 2.810782880599397848e-01 2.075662054382592658e-01 5.236645993678517019e-01 2.099131308663733098e-01 3.168052720502758657e-01 3.899550403060632053e-01
5.206232067421676657e-01 6.611236203398868083e-01 6.963190485987191813e-01 4.876356987178359637e-01 1.000000000000000000e+00 7.878648138672083023e-01 4.260013852557166247e-01 1.785129774158135951e-01 3.277556769660715519e-01 4.947021380676535074e-01 4.836416559715513985e-01 6.187637856365953981e-01 3.744550982649653692e-01 4.207990964583881444e-01 5.458159603142840322e-01 5.209224158318891407e-01 3.871222322562428153e-01
2.798743968680443284e-01 4.737336484348141363e-01 7.747688446654295014e-01 4.932364850332693340e-01 7.878648138672083023e-01 1.000000000000000000e+00 5.533885897277596166e-01 3.172187226084682843e-01 1.410493000627703053e-01 3.369476476699025391e-01 3.741980360183837506e-01 5.030246846816734951e-01 2.779288257195716150e-01 2.859412629459850974e-01 4.068834438880683524e-01 3.597247716094961745e-01 2.498442153609466143e-01
2.750364179701690337e-01 3.453040097975603739e-01 6.095708923088229980e-01 7.658235182072540281e-01 4.260013852557166247e-01 5.533885897277596166e-01 1.000000000000000000e+00 6.609118339270066977e-01 2.129119076456380266e-01 2.579385575684743914e-01 3.221425420830544284e-01 3.309457916598118055e-01 2.700506608927340513e-01 3.650552263861355229e-01 1.251212806113881915e-01 2.715898638789876474e-01 3.349030431924135409e-01
5.585181751587221799e-02 6.823206968370358616e-02 3.075505173288806682e-01 3.881066978498707298e-01 1.785129774158135951e-01 3.172187226084682843e-01 6.609118339270066977e-01 1.000000000000000000e+00 5.592843281315380138e-02 8.622900031848163005e-02 3.318853783581702244e-01 3.463265634827250583e-01 5.059133675209768199e-01 2.030889937392557354e-01 -1.402081841001439622e-01 1.601321890561171191e-01 2.307571987886644083e-01
3.656593602536066245e-01 2.365442777738880897e-01 1.637589275670497946e-01 3.197288212249051464e-01 3.277556769660715519e-01 1.410493000627703053e-01 2.129119076456380266e-01 5.592843281315380138e-02 1.000000000000000000e+00 4.273807721622672751e-01 1.353816846233546478e-01 2.671853171643655545e-01 1.829421335686824968e-01 3.157055967459380108e-01 2.405390394777593421e-01 2.602646296254886860e-01 3.814816415162779473e-01
3.888058048946623213e-01 3.656174685512537104e-01 4.446124552792959927e-01 3.463063405857350063e-01 4.947021380676535074e-01 3.369476476699025391e-01 2.579385575684743914e-01 8.622900031848163005e-02 4.273807721622672751e-01 1.000000000000000000e+00 4.455666769675185046e-01 4.714056118658755401e-01 4.894067863373117722e-01 5.008512915334624171e-01 3.662062608882181713e-01 6.069432930394915715e-01 7.099977735662745815e-01
2.542703638358012608e-01 3.997184054560496413e-01 4.280102705629703075e-01 2.554500068026044901e-01 4.836416559715513985e-01 3.741980360183837506e-01 3.221425420830544284e-01 3.318853783581702244e-01 1.353816846233546478e-01 4.455666769675185046e-01 1.000000000000000000e+00 3.995590233781500800e-01 5.556623962024441754e-01 3.921757620544836787e-01 5.095777413245908827e-01 7.365625769612218487e-01 4.047818113331851930e-01
1.454445179291769530e-01 1.651437630342972307e-01 4.747477988147024708e-01 2.810782880599397848e-01 6.187637856365953981e-01 5.030246846816734951e-01 3.309457916598118055e-01 3.463265634827250583e-01 2.671853171643655545e-01 4.714056118658755401e-01 3.995590233781500800e-01 1.000000000000000000e+00 7.330942730948312169e-01 3.232812481696124007e-01 2.223090774193336172e-01 4.461391686922431266e-01 5.013517199012902381e-01
1.842927538719944247e-01 1.035978896810375721e-01 3.579701757356179570e-01 2.075662054382592658e-01 3.744550982649653692e-01 2.779288257195716150e-01 2.700506608927340513e-01 5.059133675209768199e-01 1.829421335686824968e-01 4.894067863373117722e-01 5.556623962024441754e-01 7.330942730948312169e-01 1.000000000000000000e+00 4.290245481520580939e-01 8.467268181907282310e-02 4.977603129230271373e-01 6.070294889252861870e-01
6.042114076458391381e-01 5.337424209401940844e-01 4.477396663408176325e-01 5.236645993678517019e-01 4.207990964583881444e-01 2.859412629459850974e-01 3.650552263861355229e-01 2.030889937392557354e-01 3.157055967459380108e-01 5.008512915334624171e-01 3.921757620544836787e-01 3.232812481696124007e-01 4.290245481520580939e-01 1.000000000000000000e+00 2.726452526581498725e-01 4.895576902692937438e-01 6.794168721254197907e-01
2.364268499711781879e-01 4.703104477771197778e-01 3.223145111374426386e-01 2.099131308663733098e-01 5.458159603142840322e-01 4.068834438880683524e-01 1.251212806113881915e-01 -1.402081841001439622e-01 2.405390394777593421e-01 3.662062608882181713e-01 5.095777413245908827e-01 2.223090774193336172e-01 8.467268181907282310e-02 2.726452526581498725e-01 1.000000000000000000e+00 6.573470808907336815e-01 2.265143480201535775e-01
3.108122151314510750e-01 3.955179921347996563e-01 4.445428490011003042e-01 3.168052720502758657e-01 5.209224158318891407e-01 3.597247716094961745e-01 2.715898638789876474e-01 1.601321890561171191e-01 2.602646296254886860e-01 6.069432930394915715e-01 7.365625769612218487e-01 4.461391686922431266e-01 4.977603129230271373e-01 4.895576902692937438e-01 6.573470808907336815e-01 1.000000000000000000e+00 6.283375346888626645e-01
4.084231819478703063e-01 3.167148929270585112e-01 3.989374237979395055e-01 3.899550403060632053e-01 3.871222322562428153e-01 2.498442153609466143e-01 3.349030431924135409e-01 2.307571987886644083e-01 3.814816415162779473e-01 7.099977735662745815e-01 4.047818113331851930e-01 5.013517199012902381e-01 6.070294889252861870e-01 6.794168721254197907e-01 2.265143480201535775e-01 6.283375346888626645e-01 1.000000000000000000e+00
