1.000000000000000000e+00 8.057332479756255106e-01 4.975267897725145216e-01 5.968779680270194232e-01 7.326165922335046155e-01 4.998356381918613867e-01 4.428430856195600951e-01 2.641820957284810589e-01 6.514163565609863982e-01 5.266474505979421572e-01 5.171482952825623425e-01 4.350409710092625892e-01 3.470407229157878581e-01 4.829506107195442044e-01 5.781795867529685440e-01 4.350929970298641480e-01 4.177806500344301566e-01
8.057332479756255106e-01 1.000000000000000000e+00 5.303057294419413203e-01 6.293986140604640456e-01 7.704159403828145791e-01 5.930832131257655071e-01 4.863290510827616986e-01 3.839988930272242862e-01 5.874185281013032389e-01 3.689069538116198643e-01 5.864407390544638110e-01 5.397080072658724248e-01 3.503135058017319836e-01 5.706538663205490414e-01 7.318720441454242831e-01 4.158897548636999453e-01 3.767866618983216620e-01
4.975267897725145216e-01 5.303057294419413203e-01 1.000000000000000000e+00 6.881183362532389269e-01 5.706911770398724881e-01 7.256489027286656679e-01 6.241204494973926487e-01 4.270880360368361495e-01 5.073849818323188376e-01 3.026780398714269960e-01 4.563370151553274301e-01 5.677567666716952788e-01 5.110676274217849091e-01 5.663194820658795647e-01 4.454795324705937420e-01 4.656762302861174319e-01 4.549909245796157631e-01
5.968779680270194232e-01 6.293986140604640456e-01 6.881183362532389269e-01 1.000000000000000000e+00 6.108266036023031198e-01 6.728469634985484449e-01 7.574081388009602511e-01 5.653269379641168157e-01 6.689056741709623610e-01 4.433182605779542595e-01 4.984472599586720620e-01 5.488573100535457661e-01 5.399495927330029144e-01 7.452880405766558747e-01 5.739166477183894610e-01 5.276374816451698813e-01 5.230617544606850355e-01
7.326165922335046155e-01 7.704159403828145791e-01 5.706911770398724881e-01 6.108266036023031198e-01 1.000000000000000000e+00 8.035477153630515845e-01 4.988458487032714772e-01 3.512910363034851269e-01 6.098421874440099755e-01 4.180522988183612010e-01 6.821035423321486491e-01 7.217846774414420352e-01 5.447884441974470970e-01 6.023976030391304803e-01 6.362308289246910720e-01 4.571891623623531853e-01 4.224743131678131425e-01
4.998356381918613867e-01 5.930832131257655071e-01 7.256489027286656679e-01 6.728469634985484449e-01 8.035477153630515845e-01 1.000000000000000000e+00 6.475347995503253351e-01 4.461550425554535737e-01 5.588567627526854764e-01 2.511723403895767537e-01 6.670051477908069959e-01 7.399659834229815880e-01 5.590882584072798256e-01 6.039276360987676506e-01 4.871439578587180574e-01 4.245397219135990108e-01 4.240734581179611551e-01
4.428430856195600951e-01 4.863290510827616986e-01 6.241204494973926487e-01 7.574081388009602511e-01 4.988458487032714772e-01 6.475347995503253351e-01 1.000000000000000000e+00 7.788267439139094916e-01 6.249797722794599997e-01 3.288643784215612431e-01 6.134139909430077475e-01 6.083269763548764253e-01 5.564179840484778650e-01 6.343015130845415239e-01 4.498676588039871582e-01 4.820300270112366503e-01 4.543310400109304426e-01
2.641820957284810589e-01 3.839988930272242862e-01 4.270880360368361495e-01 5.653269379641168157e-01 3.512910363034851269e-01 4.461550425554535737e-01 7.788267439139094916e-01 1.000000000000000000e+00 4.553816885683535376e-01 1.376240966139690436e-01 4.547306136888986106e-01 5.525681747598271132e-01 5.965195745022828788e-01 5.789196800802779430e-01 3.599374716283293418e-01 4.793535621951308112e-01 4.429303598695612521e-01
6.514163565609863982e-01 5.874185281013032389e-01 5.073849818323188376e-01 6.689056741709623610e-01 6.098421874440099755e-01 5.588567627526854764e-01 6.249797722794599997e-01 4.553816885683535376e-01 1.000000000000000000e+00 4.934481774794213238e-01 5.483479442412748650e-01 4.703894331243262394e-01 5.130682820055242344e-01 5.617443618850017639e-01 5.453828341420172698e-01 5.056053730670515556e-01 5.401738934914493973e-01
5.266474505979421572e-01 3.689069538116198643e-01 3.026780398714269960e-01 4.433182605779542595e-01 4.180522988183612010e-01 2.511723403895767537e-01 3.288643784215612431e-01 1.376240966139690436e-01 4.934481774794213238e-01 1.000000000000000000e+00 3.160238090930831412e-01 3.779946076076416417e-01 4.565996241582808701e-01 3.791472568114933051e-01 4.810200581367838346e-01 5.837222536699449016e-01 6.295116556108679706e-01
5.171482952825623425e-01 5.864407390544638110e-01 4.563370151553274301e-01 4.984472599586720620e-01 6.821035423321486491e-01 6.670051477908069959e-01 6.134139909430077475e-01 4.547306136888986106e-01 5.483479442412748650e-01 3.160238090930831412e-01 1.000000000000000000e+00 5.705698900369705617e-01 5.184083667445322785e-01 3.832340361271140972e-01 6.272633511350954594e-01 5.884800053455436775e-01 3.168144974452938856e-01
4.350409710092625892e-01 5.397080072658724248e-01 5.677567666716952788e-01 5.488573100535457661e-01 7.217846774414420352e-01 7.399659834229815880e-01 6.083269763548764253e-01 5.525681747598271132e-01 4.703894331243262394e-01 3.779946076076416417e-01 5.705698900369705617e-01 1.000000000000000000e+00 7.105605587948801150e-01 5.986928241501981995e-01 5.023113114743106289e-01 4.615300774304899045e-01 4.706758166376480146e-01
3.470407229157878581e-01 3.503135058017319836e-01 5.110676274217849091e-01 5.399495927330029144e-01 5.447884441974470970e-01 5.590882584072798256e-01 5.564179840484778650e-01 5.965195745022828788e-01 5.130682820055242344e-01 4.565996241582808701e-01 5.184083667445322785e-01 7.105605587948801150e-01 1.000000000000000000e+00 5.459920026733400267e-01 4.081322998995268736e-01 7.173318785712504697e-01 6.905892690946984214e-01
4.829506107195442044e-01 5.706538663205490414e-01 5.663194820658795647e-01 7.452880405766558747e-01 6.023976030391304803e-01 6.039276360987676506e-01 6.343015130845415239e-01 5.789196800802779430e-01 5.617443618850017639e-01 3.791472568114933051e-01 3.832340361271140972e-01 5.986928241501981995e-01 5.459920026733400267e-01 1.000000000000000000e+00 5.120841557819159062e-01 4.334270669805987408e-01 5.605627908070890397e-01
5.781795867529685440e-01 7.318720441454242831e-01 4.454795324705937420e-01 5.739166477183894610e-01 6.362308289246910720e-01 4.871439578587180574e-01 4.498676588039871582e-01 3.599374716283293418e-01 5.453828341420172698e-01 4.810200581367838346e-01 6.272633511350954594e-01 5.023113114743106289e-01 4.081322998995268736e-01 5.120841557819159062e-01 1.000000000000000000e+00 5.092665297211024233e-01 3.410414133737560971e-01
4.350929970298641480e-01 4.158897548636999453e-01 4.656762302861174319e-01 5.276374816451698813e-01 4.571891623623531853e-01 4.245397219135990108e-01 4.820300270112366503e-01 4.793535621951308112e-01 5.056053730670515556e-01 5.837222536699449016e-01 5.884800053455436775e-01 4.615300774304899045e-01 7.173318785712504697e-01 4.334270669805987408e-01 5.092665297211024233e-01 1.000000000000000000e+00 7.438304893617379010e-01
4.177806500344301566e-01 3.767866618983216620e-01 4.549909245796157631e-01 5.230617544606850355e-01 4.224743131678131425e-01 4.240734581179611551e-01 4.543310400109304426e-01 4.429303598695612521e-01 5.401738934914493973e-01 6.295116556108679706e-01 3.168144974452938856e-01 4.706758166376480146e-01 6.905892690946984214e-01 5.605627908070890397e-01 3.410414133737560971e-01 7.438304893617379010e-01 1.000000000000000000e+00
