1.000000000000000000e+00 6.467907949948016322e-01 3.731271665627598488e-01 5.810970058738594846e-01 6.043020827801158790e-01 4.434601532845103278e-01 5.203865087676158296e-01 4.911960044659921532e-01 4.429465504367342543e-01 6.015695412296305777e-01 2.155679130028847479e-01 3.278710402512776123e-01 2.517099885320894792e-01 5.823052890150982597e-01 4.895392936085217195e-01 2.267140413493067552e-01 4.248240615716496471e-01
6.467907949948016322e-01 1.000000000000000000e+00 2.805520472653440511e-01 6.936976809727051219e-01 4.662776054828366434e-01 4.157421078797727820e-01 5.556395077786776548e-01 4.925161006350529669e-01 2.870441435717030476e-01 4.651810011701066894e-01 1.776810735611887015e-01 4.076693207439947009e-01 3.164577293380207434e-01 6.730977521950923803e-01 6.412606782276436546e-01 3.519502812221221855e-01 5.663950064223546299e-01
3.731271665627598488e-01 2.805520472653440511e-01 1.000000000000000000e+00 5.293546249529473835e-01 2.857609978926424210e-01 5.570590922242264487e-01 5.084584529359830185e-01 1.991474165519863115e-01 1.418958451491291184e-01 1.888392852611179007e-01 7.416404673451347518e-02 2.298681967901030909e-01 2.098000819545925988e-01 3.113450578338941011e-01 1.619565525369145442e-01 1.517866075597676667e-01 1.469312268746869876e-01
5.810970058738594846e-01 6.936976809727051219e-01 5.293546249529473835e-01 1.000000000000000000e+00 4.901781224124326375e-01 6.309714959431830250e-01 7.046258389411361733e-01 4.678436023022227719e-01 1.972243877828712966e-01 4.187104365177748422e-01 5.831931883831922847e-02 4.672324603454984793e-01 3.431389460131589186e-01 6.389585418090270030e-01 4.553648719726570149e-01 2.037193065175552653e-01 3.617035980401950290e-01
6.043020827801158790e-01 4.662776054828366434e-01 2.857609978926424210e-01 4.901781224124326375e-01 1.000000000000000000e+00 7.021133277535064332e-01 5.243027306258594145e-01 5.538564059122940142e-01 3.753399861364397627e-01 3.393745375164126665e-01 3.904865668212476604e-01 5.701521287476059019e-01 4.411196334649988837e-01 5.755258917143297737e-01 4.230083029136764705e-01 1.999928317838298442e-01 3.940807926337107081e-01
4.434601532845103278e-01 4.157421078797727820e-01 5.570590922242264487e-01 6.309714959431830250e-01 7.021133277535064332e-01 1.000000000000000000e+00 6.353808566448216899e-01 4.287520883356412127e-01 1.796046098596906782e-01 2.293486868189152927e-01 2.760178446986736311e-01 5.051852080174409343e-01 4.204730302828232347e-01 4.841789880701807824e-01 2.885576999746146676e-01 2.088525440433155189e-01 2.606603433456641805e-01
5.203865087676158296e-01 5.556395077786776548e-01 5.084584529359830185e-01 7.046258389411361733e-01 5.243027306258594145e-01 6.353808566448216899e-01 1.000000000000000000e+00 6.920733626181003739e-01 1.941710455949632597e-01 2.357073117309246013e-01 1.841556363001653762e-01 3.690439941753618225e-01 2.493400359765461094e-01 5.954802646742720640e-01 3.371716471854737662e-01 4.568275691540172462e-02 2.097488218886702505e-01
4.911960044659921532e-01 4.925161006350529669e-01 1.991474165519863115e-01 4.678436023022227719e-01 5.538564059122940142e-01 4.287520883356412127e-01 6.920733626181003739e-01 1.000000000000000000e+00 2.313698320401967601e-01 3.157373332059095761e-01 3.929273028549133406e-01 5.352739892617907058e-01 5.267175241739580072e-01 5.865079076917160128e-01 2.621004339505061398e-01 1.762156716921937094e-01 4.597892421015091213e-01
4.429465504367342543e-01 2.870441435717030476e-01 1.418958451491291184e-01 1.972243877828712966e-01 3.753399861364397627e-01 1.796046098596906782e-01 1.941710455949632597e-01 2.313698320401967601e-01 1.000000000000000000e+00 3.921302005184661987e-01 9.292552496816061658e-02 1.478244398343420418e-01 2.081949395343742626e-01 3.544055535920945244e-01 3.336524800971895077e-01 1.526145345759557792e-01 3.481459553806195983e-01
6.015695412296305777e-01 4.651810011701066894e-01 1.888392852611179007e-01 4.187104365177748422e-01 3.393745375164126665e-01 2.293486868189152927e-01 2.357073117309246013e-01 3.157373332059095761e-01 3.921302005184661987e-01 1.000000000000000000e+00 7.879753948410168907e-02 3.552634161828470694e-01 3.311632269444744758e-01 4.146553950930961241e-01 5.171792398140979685e-01 3.234347522283669285e-01 5.059035563799956225e-01
2.155679130028847479e-01 1.776810735611887015e-01 7.416404673451347518e-02 5.831931883831922847e-02 3.904865668212476604e-01 2.760178446986736311e-01 1.841556363001653762e-01 3.929273028549133406e-01 9.292552496816061658e-02 7.879753948410168907e-02 1.000000000000000000e+00 2.895633726574300404e-01 4.834762800612085187e-01 1.230699354653634059e-01 2.917900126622041124e-01 6.167930392040428256e-01 3.533711140061704947e-01
3.278710402512776123e-01 4.076693207439947009e-01 2.298681967901030909e-01 4.672324603454984793e-01 5.701521287476059019e-01 5.051852080174409343e-01 3.690439941753618225e-01 5.352739892617907058e-01 1.478244398343420418e-01 3.552634161828470694e-01 2.895633726574300404e-01 1.000000000000000000e+00 7.136041150859794291e-01 3.987102839752291739e-01 3.115697409551230201e-01 3.459808769311683574e-01 5.295531789332859063e-01
2.517099885320894792e-01 3.164577293380207434e-01 2.098000819545925988e-01 3.431389460131589186e-01 4.411196334649988837e-01 4.204730302828232347e-01 2.493400359765461094e-01 5.267175241739580072e-01 2.081949395343742626e-01 3.311632269444744758e-01 4.834762800612085187e-01 7.136041150859794291e-01 1.000000000000000000e+00 3.675539865765308223e-01 2.771914097503629937e-01 5.134544004352332713e-01 5.682381257641846428e-01
5.823052890150982597e-01 6.730977521950923803e-01 3.113450578338941011e-01 6.389585418090270030e-01 5.755258917143297737e-01 4.841789880701807824e-01 5.954802646742720640e-01 5.865079076917160128e-01 3.544055535920945244e-01 4.146553950930961241e-01 1.230699354653634059e-01 3.987102839752291739e-01 3.675539865765308223e-01 1.000000000000000000e+00 4.865524674276510142e-01 1.625012143074159032e-01 5.863582542365879391e-01
4.895392936085217195e-01 6.412606782276436546e-01 1.619565525369145442e-01 4.553648719726570149e-01 4.230083029136764705e-01 2.885576999746146676e-01 3.371716471854737662e-01 2.621004339505061398e-01 3.336524800971895077e-01 5.171792398140979685e-01 2.917900126622041124e-01 3.115697409551230201e-01 2.771914097503629937e-01 4.865524674276510142e-01 1.000000000000000000e+00 5.388760552360963851e-01 5.354218307147524669e-01
2.267140413493067552e-01 3.519502812221221855e-01 1.517866075597676667e-01 2.037193065175552653e-01 1.999928317838298442e-01 2.088525440433155189e-01 4.568275691540172462e-02 1.762156716921937094e-01 1.526145345759557792e-01 3.234347522283669285e-01 6.167930392040428256e-01 3.459808769311683574e-01 5.134544004352332713e-01 1.625012143074159032e-01 5.388760552360963851e-01 1.000000000000000000e+00 6.064585224090351945e-01
4.248240615716496471e-01 5.663950064223546299e-01 1.469312268746869876e-01 3.617035980401950290e-01 3.940807926337107081e-01 2.606603433456641805e-01 2.097488218886702505e-01 4.597892421015091213e-01 3.481459553806195983e-01 5.059035563799956225e-01 3.533711140061704947e-01 5.295531789332859063e-01 5.682381257641846428e-01 5.863582542365879391e-01 5.354218307147524669e-01 6.064585224090351945e-01 1.000000000000000000e+00
